Illinois, Minimum Temperature
Units: Degrees Fahrenheit
Base Period: 1901-2000
Missing: -99
Date,Value,Anomaly
198001,19.1,2.3
198002,14.4,-5.9
198003,27.2,-2.8
198004,39.4,-0.9
198005,51.4,0.8
198006,58.6,-1.4
198007,67.2,3.1
198008,66.0,4.1
198009,56.0,1.6
198010,39.0,-3.9
198011,31.7,0.2
198012,22.8,1.4
198101,16.0,-0.8
198102,21.0,0.7
198103,29.9,-0.1
198104,45.9,5.6
198105,47.6,-3.0
198106,62.6,2.6
198107,65.3,1.2
198108,61.9,0.0
198109,53.2,-1.2
198110,41.4,-1.5
198111,34.5,3.0
198112,19.3,-2.1
198201,7.2,-9.6
198202,15.9,-4.4
198203,29.9,-0.1
198204,36.0,-4.3
198205,56.0,5.4
198206,55.9,-4.1
198207,65.6,1.5
198208,60.3,-1.6
198209,53.8,-0.6
198210,42.9,0.0
198211,33.6,2.1
198212,30.7,9.3
198301,22.6,5.8
198302,25.9,5.6
198303,32.8,2.8
198304,37.9,-2.4
198305,48.4,-2.2
198306,60.6,0.6
198307,67.3,3.2
198308,66.4,4.5
198309,54.0,-0.4
198310,44.9,2.0
198311,35.8,4.3
198312,10.3,-11.1
198401,13.8,-3.0
198402,27.1,6.8
198403,26.2,-3.8
198404,41.2,0.9
198405,48.2,-2.4
198406,63.5,3.5
198407,61.6,-2.5
198408,62.5,0.6
198409,52.8,-1.6
198410,48.2,5.3
198411,31.2,-0.3
198412,26.7,5.3
198501,9.3,-7.5
198502,15.9,-4.4
198503,34.6,4.6
198504,45.6,5.3
198505,52.6,2.0
198506,58.3,-1.7
198507,63.1,-1.0
198508,60.3,-1.6
198509,55.5,1.1
198510,45.7,2.8
198511,33.9,2.4
198512,11.5,-9.9
198601,18.2,1.4
198602,20.5,0.2
198603,32.6,2.6
198604,43.1,2.8
198605,53.3,2.7
198606,61.7,1.7
198607,67.5,3.4
198608,57.8,-4.1
198609,58.4,4.0
198610,45.1,2.2
198611,30.0,-1.5
198612,25.2,3.8
198701,19.4,2.6
198702,26.4,6.1
198703,33.8,3.8
198704,40.5,0.2
198705,55.4,4.8
198706,62.8,2.8
198707,66.7,2.6
198708,63.4,1.5
198709,54.0,-0.4
198710,36.4,-6.5
198711,36.7,5.2
198712,27.6,6.2
198801,14.5,-2.3
198802,16.5,-3.8
198803,30.4,0.4
198804,39.0,-1.3
198805,50.2,-0.4
198806,59.0,-1.0
198807,64.9,0.8
198808,66.0,4.1
198809,54.7,0.3
198810,37.1,-5.8
198811,33.0,1.5
198812,21.0,-0.4
198901,26.3,9.5
198902,14.3,-6.0
198903,30.2,0.2
198904,40.1,-0.2
198905,48.2,-2.4
198906,59.5,-0.5
198907,65.2,1.1
198908,61.9,0.0
198909,52.1,-2.3
198910,43.2,0.3
198911,30.0,-1.5
198912,8.4,-13.0
199001,27.2,10.4
199002,26.5,6.2
199003,35.3,5.3
199004,39.8,-0.5
199005,49.2,-1.4
199006,61.3,1.3
199007,64.1,0.0
199008,62.0,0.1
199009,56.8,2.4
199010,40.2,-2.7
199011,36.1,4.6
199012,21.4,0.0
199101,16.3,-0.5
199102,25.7,5.4
199103,33.9,3.9
199104,45.2,4.9
199105,58.5,7.9
199106,63.9,3.9
199107,64.9,0.8
199108,62.9,1.0
199109,54.5,0.1
199110,44.2,1.3
199111,28.9,-2.6
199112,25.4,4.0
199201,23.9,7.1
199202,29.1,8.8
199203,32.7,2.7
199204,40.1,-0.2
199205,48.9,-1.7
199206,56.8,-3.2
199207,63.8,-0.3
199208,57.2,-4.7
199209,53.0,-1.4
199210,41.2,-1.7
199211,34.7,3.2
199212,23.2,1.8
199301,20.5,3.7
199302,18.8,-1.5
199303,28.8,-1.2
199304,39.2,-1.1
199305,52.2,1.6
199306,60.1,0.1
199307,67.6,3.5
199308,65.0,3.1
199309,52.0,-2.4
199310,40.2,-2.7
199311,31.5,0.0
199312,25.0,3.6
199401,12.2,-4.6
199402,18.1,-2.2
199403,30.4,0.4
199404,41.3,1.0
199405,48.0,-2.6
199406,62.3,2.3
199407,63.2,-0.9
199408,59.2,-2.7
199409,53.7,-0.7
199410,45.1,2.2
199411,37.1,5.6
199412,28.3,6.9
199501,18.9,2.1
199502,20.3,0.0
199503,32.8,2.8
199504,38.7,-1.6
199505,50.3,-0.3
199506,61.2,1.2
199507,65.7,1.6
199508,68.7,6.8
199509,51.2,-3.2
199510,42.8,-0.1
199511,26.1,-5.4
199512,19.9,-1.5
199601,15.6,-1.2
199602,20.6,0.3
199603,24.0,-6.0
199604,36.6,-3.7
199605,51.8,1.2
199606,61.4,1.4
199607,61.6,-2.5
199608,62.6,0.7
199609,52.9,-1.5
199610,42.9,0.0
199611,27.5,-4.0
199612,22.9,1.5
199701,12.2,-4.6
199702,26.7,6.4
199703,32.4,2.4
199704,36.2,-4.1
199705,46.1,-4.5
199706,60.6,0.6
199707,64.0,-0.1
199708,60.8,-1.1
199709,54.6,0.2
199710,43.3,0.4
199711,31.4,-0.1
199712,26.3,4.9
199801,25.3,8.5
199802,33.2,12.9
199803,32.9,2.9
199804,42.5,2.2
199805,57.0,6.4
199806,62.0,2.0
199807,65.8,1.7
199808,64.7,2.8
199809,59.0,4.6
199810,45.4,2.5
199811,36.2,4.7
199812,26.1,4.7
199901,16.8,0.0
199902,29.1,8.8
199903,28.0,-2.0
199904,44.5,4.2
199905,52.8,2.2
199906,62.1,2.1
199907,68.0,3.9
199908,60.2,-1.7
199909,50.6,-3.8
199910,41.2,-1.7
199911,36.1,4.6
199912,24.0,2.6
200001,18.6,1.8
200002,28.4,8.1
200003,34.8,4.8
200004,39.3,-1.0
200005,54.3,3.7
200006,60.1,0.1
200007,63.4,-0.7
200008,64.2,2.3
200009,54.0,-0.4
200010,46.3,3.4
200011,30.7,-0.8
200012,9.3,-12.1
200101,18.0,1.2
200102,22.2,1.9
200103,27.4,-2.6
200104,45.5,5.2
200105,53.6,3.0
200106,59.3,-0.7
200107,65.3,1.2
200108,63.7,1.8
200109,52.5,-1.9
200110,43.1,0.2
200111,38.7,7.2
200112,27.9,6.5
200201,24.6,7.8
200202,25.5,5.2
200203,27.9,-2.1
200204,42.7,2.4
200205,48.2,-2.4
200206,63.1,3.1
200207,67.3,3.2
200208,64.4,2.5
200209,56.5,2.1
200210,42.2,-0.7
200211,30.8,-0.7
200212,23.5,2.1
200301,14.3,-2.5
200302,18.0,-2.3
200303,30.4,0.4
200304,41.6,1.3
200305,50.4,-0.2
200306,56.8,-3.2
200307,64.1,0.0
200308,64.0,2.1
200309,52.2,-2.2
200310,42.1,-0.8
200311,35.7,4.2
200312,26.2,4.8
200401,16.6,-0.2
200402,21.2,0.9
200403,35.7,5.7
200404,42.2,1.9
200405,55.2,4.6
200406,59.5,-0.5
200407,63.1,-1.0
200408,57.6,-4.3
200409,54.6,0.2
200410,44.9,2.0
200411,37.7,6.2
200412,22.5,1.1
200501,21.8,5.0
200502,28.3,8.0
200503,29.0,-1.0
200504,43.4,3.1
200505,48.4,-2.2
200506,63.4,3.4
200507,65.1,1.0
200508,64.8,2.9
200509,58.5,4.1
200510,44.3,1.4
200511,34.4,2.9
200512,19.1,-2.3
200601,30.6,13.8
200602,20.7,0.4
200603,32.3,2.3
200604,44.4,4.1
200605,52.0,1.4
200606,60.2,0.2
200607,66.6,2.5
200608,64.7,2.8
200609,52.9,-1.5
200610,40.4,-2.5
200611,35.2,3.7
200612,27.0,5.6
200701,22.7,5.9
200702,13.5,-6.8
200703,37.5,7.5
200704,38.8,-1.5
200705,55.7,5.1
200706,61.5,1.5
200707,62.1,-2.0
200708,67.1,5.2
200709,56.5,2.1
200710,48.4,5.5
200711,32.0,0.5
200712,23.0,1.6
200801,17.2,0.4
200802,18.4,-1.9
200803,29.5,-0.5
200804,40.9,0.6
200805,47.9,-2.7
200806,62.6,2.6
200807,64.1,0.0
200808,60.8,-1.1
200809,56.4,2.0
200810,42.8,-0.1
200811,32.0,0.5
200812,17.0,-4.4
200901,11.9,-4.9
200902,22.8,2.5
200903,32.8,2.8
200904,40.7,0.4
200905,52.0,1.4
200906,62.3,2.3
200907,60.8,-3.3
200908,60.7,-1.2
200909,55.4,1.0
200910,41.7,-1.2
200911,37.9,6.4
200912,22.2,0.8
201001,14.8,-2.0
201002,18.0,-2.3
201003,34.1,4.1
201004,46.1,5.8
201005,53.9,3.3
201006,64.8,4.8
201007,67.6,3.5
201008,65.6,3.7
201009,55.4,1.0
201010,42.4,-0.5
201011,32.6,1.1
201012,16.8,-4.6
201101,15.2,-1.6
201102,22.0,1.7
201103,32.6,2.6
201104,42.5,2.2
201105,51.8,1.2
201106,62.8,2.8
201107,69.7,5.6
201108,63.2,1.3
201109,52.7,-1.7
201110,42.5,-0.4
201111,37.2,5.7
201112,28.4,7.0
201201,22.7,5.9
201202,27.1,6.8
201203,44.2,14.2
201204,42.4,2.1
201205,55.7,5.1
201206,59.8,-0.2
201207,69.2,5.1
201208,60.3,-1.6
201209,52.9,-1.5
201210,41.9,-1.0
201211,30.8,-0.7
201212,29.0,7.6
201301,20.0,3.2
201302,21.8,1.5
201303,26.4,-3.6
201304,39.3,-1.0
201305,53.1,2.5
201306,61.4,1.4
201307,63.2,-0.9
201308,61.8,-0.1
201309,56.1,1.7
201310,43.3,0.4
201311,29.1,-2.4
201312,17.4,-4.0
201401,9.2,-7.6
201402,9.9,-10.4
201403,23.4,-6.6
201404,40.8,0.5
201405,52.9,2.3
201406,63.2,3.2
201407,59.6,-4.5
201408,64.3,2.4
201409,53.1,-1.3
201410,44.0,1.1
201411,25.7,-5.8
201412,27.9,6.5
201501,17.6,0.8
201502,9.8,-10.5
201503,27.7,-2.3
201504,42.3,2.0
201505,54.5,3.9
201506,62.5,2.5
201507,64.8,0.7
201508,61.3,-0.6
201509,58.8,4.4
201510,44.6,1.7
201511,36.8,5.3
201512,33.9,12.5
201601,19.0,2.2
201602,25.4,5.1
201603,37.6,7.6
201604,41.6,1.3
201605,51.5,0.9
201606,63.3,3.3
201607,66.4,2.3
201608,66.5,4.6
201609,60.1,5.7
201610,49.2,6.3
201611,37.7,6.2
201612,21.8,0.4
201701,24.9,8.1
201702,30.2,9.9
201703,33.5,3.5
201704,45.5,5.2
201705,51.3,0.7
201706,61.0,1.0
201707,65.4,1.3
201708,59.5,-2.4
201709,55.9,1.5
201710,48.0,5.1
201711,32.1,0.6
201712,20.8,-0.6
201801,14.7,-2.1
201802,22.1,1.8
201803,30.1,0.1
201804,33.4,-6.9
201805,59.0,8.4
201806,64.7,4.7
201807,64.8,0.7
201808,64.7,2.8
201809,59.6,5.2
201810,43.8,0.9
201811,28.5,-3.0
201812,26.6,5.2
201901,17.5,0.7
201902,20.9,0.6
201903,28.4,-1.6
