Indiana, Minimum Temperature
Units: Degrees Fahrenheit
Base Period: 1901-2000
Missing: -99
Date,Value,Anomaly
198001,20.3,2.3
198002,13.9,-6.4
198003,26.4,-3.1
198004,38.0,-1.3
198005,50.4,0.9
198006,56.5,-2.4
198007,65.7,2.9
198008,65.2,4.6
198009,55.2,1.8
198010,38.6,-3.3
198011,30.3,-1.3
198012,23.3,1.1
198101,14.2,-3.8
198102,21.3,1.0
198103,28.7,-0.8
198104,44.0,4.7
198105,47.1,-2.4
198106,61.6,2.7
198107,64.2,1.4
198108,61.0,0.4
198109,52.9,-0.5
198110,39.9,-2.0
198111,32.5,0.9
198112,19.7,-2.5
198201,8.5,-9.5
198202,16.7,-3.6
198203,29.4,-0.1
198204,34.9,-4.4
198205,54.6,5.1
198206,55.3,-3.6
198207,64.2,1.4
198208,58.5,-2.1
198209,52.9,-0.5
198210,42.5,0.6
198211,34.8,3.2
198212,32.5,10.3
198301,23.2,5.2
198302,24.5,4.2
198303,32.0,2.5
198304,37.7,-1.6
198305,47.0,-2.5
198306,59.1,0.2
198307,65.7,2.9
198308,65.1,4.5
198309,52.8,-0.6
198310,44.4,2.5
198311,35.1,3.5
198312,13.5,-8.7
198401,12.8,-5.2
198402,26.9,6.6
198403,24.1,-5.4
198404,39.6,0.3
198405,47.2,-2.3
198406,62.4,3.5
198407,60.0,-2.8
198408,61.6,1.0
198409,52.2,-1.2
198410,49.1,7.2
198411,30.7,-0.9
198412,29.2,7.0
198501,12.5,-5.5
198502,15.6,-4.7
198503,33.7,4.2
198504,44.6,5.3
198505,51.8,2.3
198506,57.6,-1.3
198507,62.0,-0.8
198508,60.4,-0.2
198509,54.1,0.7
198510,46.5,4.6
198511,38.4,6.8
198512,14.2,-8.0
198601,19.0,1.0
198602,22.8,2.5
198603,31.4,1.9
198604,41.2,1.9
198605,52.5,3.0
198606,60.6,1.7
198607,66.2,3.4
198608,57.4,-3.2
198609,57.2,3.8
198610,44.9,3.0
198611,31.4,-0.2
198612,25.8,3.6
198701,20.2,2.2
198702,25.0,4.7
198703,32.2,2.7
198704,39.4,0.1
198705,53.8,4.3
198706,61.7,2.8
198707,65.4,2.6
198708,62.4,1.8
198709,54.2,0.8
198710,35.2,-6.7
198711,35.6,4.0
198712,28.4,6.2
198801,15.3,-2.7
198802,17.8,-2.5
198803,29.9,0.4
198804,38.1,-1.2
198805,48.7,-0.8
198806,56.9,-2.0
198807,63.7,0.9
198808,64.5,3.9
198809,53.2,-0.2
198810,35.9,-6.0
198811,33.2,1.6
198812,21.1,-1.1
198901,26.3,8.3
198902,18.8,-1.5
198903,29.9,0.4
198904,38.9,-0.4
198905,47.1,-2.4
198906,59.6,0.7
198907,64.5,1.7
198908,61.1,0.5
198909,52.4,-1.0
198910,41.7,-0.2
198911,31.4,-0.2
198912,9.3,-12.9
199001,28.4,10.4
199002,27.6,7.3
199003,35.0,5.5
199004,39.4,0.1
199005,48.9,-0.6
199006,59.4,0.5
199007,62.5,-0.3
199008,60.0,-0.6
199009,55.5,2.1
199010,40.7,-1.2
199011,35.8,4.2
199012,24.1,1.9
199101,19.6,1.6
199102,25.7,5.4
199103,33.4,3.9
199104,44.6,5.3
199105,57.9,8.4
199106,62.5,3.6
199107,64.1,1.3
199108,61.7,1.1
199109,52.8,-0.6
199110,45.1,3.2
199111,30.8,-0.8
199112,26.5,4.3
199201,23.3,5.3
199202,28.6,8.3
199203,31.2,1.7
199204,40.0,0.7
199205,47.8,-1.7
199206,55.0,-3.9
199207,63.1,0.3
199208,57.2,-3.4
199209,52.5,-0.9
199210,40.1,-1.8
199211,35.7,4.1
199212,25.1,2.9
199301,23.2,5.2
199302,17.5,-2.8
199303,28.8,-0.7
199304,39.1,-0.2
199305,50.3,0.8
199306,59.3,0.4
199307,66.8,4.0
199308,63.1,2.5
199309,51.7,-1.7
199310,39.2,-2.7
199311,32.7,1.1
199312,25.0,2.8
199401,12.4,-5.6
199402,18.7,-1.6
199403,29.2,-0.3
199404,41.0,1.7
199405,45.8,-3.7
199406,61.1,2.2
199407,62.9,0.1
199408,58.1,-2.5
199409,52.6,-0.8
199410,42.9,1.0
199411,37.1,5.5
199412,29.9,7.7
199501,21.0,3.0
199502,19.8,-0.5
199503,32.4,2.9
199504,38.8,-0.5
199505,49.8,0.3
199506,60.5,1.6
199507,64.6,1.8
199508,67.7,7.1
199509,50.5,-2.9
199510,43.3,1.4
199511,27.0,-4.6
199512,18.3,-3.9
199601,16.7,-1.3
199602,21.6,1.3
199603,23.7,-5.8
199604,36.3,-3.0
199605,50.9,1.4
199606,60.7,1.8
199607,60.4,-2.4
199608,61.7,1.1
199609,52.8,-0.6
199610,42.7,0.8
199611,28.3,-3.3
199612,25.8,3.6
199701,14.6,-3.4
199702,27.0,6.7
199703,32.2,2.7
199704,34.6,-4.7
199705,45.0,-4.5
199706,60.0,1.1
199707,62.7,-0.1
199708,59.6,-1.0
199709,52.7,-0.7
199710,41.8,-0.1
199711,31.1,-0.5
199712,26.9,4.7
199801,28.8,10.8
199802,31.5,11.2
199803,32.9,3.4
199804,41.6,2.3
199805,55.5,6.0
199806,61.1,2.2
199807,63.5,0.7
199808,63.3,2.7
199809,56.6,3.2
199810,44.2,2.3
199811,34.8,3.2
199812,27.5,5.3
199901,18.0,0.0
199902,27.5,7.2
199903,26.3,-3.2
199904,43.2,3.9
199905,51.4,1.9
199906,61.7,2.8
199907,67.0,4.2
199908,58.9,-1.7
199909,49.7,-3.7
199910,40.9,-1.0
199911,35.9,4.3
199912,24.6,2.4
200001,17.6,-0.4
200002,27.6,7.3
200003,33.8,4.3
200004,38.4,-0.9
200005,53.3,3.8
200006,60.0,1.1
200007,61.6,-1.2
200008,61.4,0.8
200009,52.6,-0.8
200010,45.2,3.3
200011,31.9,0.3
200012,10.8,-11.4
200101,19.3,1.3
200102,25.0,4.7
200103,27.6,-1.9
200104,44.5,5.2
200105,52.3,2.8
200106,58.6,-0.3
200107,62.7,-0.1
200108,63.2,2.6
200109,51.7,-1.7
200110,42.9,1.0
200111,37.2,5.6
200112,29.2,7.0
200201,25.5,7.5
200202,25.6,5.3
200203,28.6,-0.9
200204,42.6,3.3
200205,47.3,-2.2
200206,61.8,2.9
200207,65.7,2.9
200208,64.0,3.4
200209,56.2,2.8
200210,42.6,0.7
200211,31.7,0.1
200212,24.3,2.1
200301,13.5,-4.5
200302,17.9,-2.4
200303,30.7,1.2
200304,41.3,2.0
200305,50.3,0.8
200306,56.2,-2.7
200307,62.5,-0.3
200308,63.2,2.6
200309,52.0,-1.4
200310,41.0,-0.9
200311,36.9,5.3
200312,26.4,4.2
200401,16.6,-1.4
200402,21.1,0.8
200403,34.6,5.1
200404,41.7,2.4
200405,55.6,6.1
200406,59.0,0.1
200407,62.2,-0.6
200408,58.1,-2.5
200409,54.4,1.0
200410,43.9,2.0
200411,37.9,6.3
200412,22.3,0.1
200501,22.6,4.6
200502,26.9,6.6
200503,27.7,-1.8
200504,41.9,2.6
200505,46.7,-2.8
200506,62.4,3.5
200507,64.2,1.4
200508,64.4,3.8
200509,56.9,3.5
200510,44.7,2.8
200511,33.9,2.3
200512,20.0,-2.2
200601,31.3,13.3
200602,22.4,2.1
200603,31.2,1.7
200604,43.2,3.9
200605,49.4,-0.1
200606,58.7,-0.2
200607,65.3,2.5
200608,63.6,3.0
200609,52.2,-1.2
200610,40.6,-1.3
200611,35.3,3.7
200612,28.7,6.5
200701,25.2,7.2
200702,11.7,-8.6
200703,36.1,6.6
200704,38.4,-0.9
200705,53.3,3.8
200706,60.2,1.3
200707,60.2,-2.6
200708,65.1,4.5
200709,55.8,2.4
200710,49.1,7.2
200711,32.2,0.6
200712,25.7,3.5
200801,18.6,0.6
200802,20.5,0.2
200803,29.7,0.2
200804,40.9,1.6
200805,46.9,-2.6
200806,61.4,2.5
200807,62.6,-0.2
200808,59.6,-1.0
200809,55.3,1.9
200810,41.6,-0.3
200811,31.3,-0.3
200812,19.8,-2.4
200901,13.0,-5.0
200902,22.4,2.1
200903,33.0,3.5
200904,40.8,1.5
200905,50.8,1.3
200906,61.2,2.3
200907,59.4,-3.4
200908,60.2,-0.4
200909,55.0,1.6
200910,41.4,-0.5
200911,36.7,5.1
200912,23.4,1.2
201001,17.5,-0.5
201002,18.5,-1.8
201003,33.2,3.7
201004,44.5,5.2
201005,53.8,4.3
201006,63.9,5.0
201007,65.9,3.1
201008,64.1,3.5
201009,54.0,0.6
201010,41.9,0.0
201011,31.0,-0.6
201012,17.2,-5.0
201101,16.4,-1.6
201102,22.9,2.6
201103,32.5,3.0
201104,42.2,2.9
201105,52.0,2.5
201106,61.7,2.8
201107,68.0,5.2
201108,61.2,0.6
201109,53.7,0.3
201110,41.7,-0.2
201111,38.1,6.5
201112,29.1,6.9
201201,23.7,5.7
201202,26.9,6.6
201203,43.3,13.8
201204,40.5,1.2
201205,55.0,5.5
201206,58.2,-0.7
201207,67.6,4.8
201208,59.0,-1.6
201209,52.8,-0.6
201210,42.0,0.1
201211,29.2,-2.4
201212,31.0,8.8
201301,21.2,3.2
201302,22.4,2.1
201303,26.8,-2.7
201304,39.4,0.1
201305,53.4,3.9
201306,60.5,1.6
201307,62.6,-0.2
201308,60.4,-0.2
201309,54.5,1.1
201310,43.3,1.4
201311,30.1,-1.5
201312,21.1,-1.1
201401,9.6,-8.4
201402,12.8,-7.5
201403,23.0,-6.5
201404,40.4,1.1
201405,51.7,2.2
201406,62.5,3.6
201407,58.2,-4.6
201408,62.4,1.8
201409,52.2,-1.2
201410,43.6,1.7
201411,26.9,-4.7
201412,28.5,6.3
201501,17.1,-0.9
201502,9.4,-10.9
201503,27.0,-2.5
201504,41.1,1.8
201505,53.6,4.1
201506,61.6,2.7
201507,63.1,0.3
201508,59.6,-1.0
201509,56.6,3.2
201510,44.4,2.5
201511,36.2,4.6
201512,35.2,13.0
201601,19.3,1.3
201602,25.1,4.8
201603,37.5,8.0
201604,40.1,0.8
201605,49.7,0.2
201606,61.3,2.4
201607,64.8,2.0
201608,66.4,5.8
201609,58.6,5.2
201610,48.6,6.7
201611,36.4,4.8
201612,22.4,0.2
201701,26.4,8.4
201702,31.0,10.7
201703,33.2,3.7
201704,45.5,6.2
201705,50.3,0.8
201706,59.3,0.4
201707,64.0,1.2
201708,58.8,-1.8
201709,55.1,1.7
201710,47.7,5.8
201711,32.8,1.2
201712,21.1,-1.1
201801,15.6,-2.4
201802,25.5,5.2
201803,29.0,-0.5
201804,33.8,-5.5
201805,57.7,8.2
201806,63.3,4.4
201807,63.5,0.7
201808,64.2,3.6
201809,59.6,6.2
201810,44.2,2.3
201811,29.7,-1.9
201812,27.8,5.6
201901,18.9,0.9
201902,23.8,3.5
201903,27.6,-1.9
