Iowa, Minimum Temperature
Units: Degrees Fahrenheit
Base Period: 1901-2000
Missing: -99
Date,Value,Anomaly
198001,12.5,4.1
198002,10.3,-2.7
198003,22.2,-2.3
198004,36.8,0.4
198005,48.1,0.2
198006,57.7,0.0
198007,64.6,2.4
198008,62.4,2.6
198009,51.9,0.8
198010,35.8,-3.7
198011,27.3,1.3
198012,15.4,1.4
198101,11.4,3.0
198102,16.0,3.0
198103,26.9,2.4
198104,42.0,5.6
198105,45.9,-2.0
198106,58.5,0.8
198107,63.5,1.3
198108,59.1,-0.7
198109,50.2,-0.9
198110,38.1,-1.4
198111,30.4,4.4
198112,13.4,-0.6
198201,-2.8,-11.2
198202,10.8,-2.2
198203,23.7,-0.8
198204,32.7,-3.7
198205,52.8,4.9
198206,53.3,-4.4
198207,63.3,1.1
198208,59.8,0.0
198209,51.8,0.7
198210,40.7,1.2
198211,26.1,0.1
198212,20.7,6.7
198301,16.2,7.8
198302,21.6,8.6
198303,28.4,3.9
198304,33.7,-2.7
198305,44.7,-3.2
198306,58.7,1.0
198307,65.6,3.4
198308,65.7,5.9
198309,51.6,0.5
198310,40.8,1.3
198311,30.5,4.5
198312,-0.1,-14.1
198401,8.9,0.5
198402,22.8,9.8
198403,20.6,-3.9
198404,37.3,0.9
198405,45.8,-2.1
198406,59.8,2.1
198407,60.4,-1.8
198408,60.8,1.0
198409,48.5,-2.6
198410,42.0,2.5
198411,27.0,1.0
198412,15.8,1.8
198501,3.8,-4.6
198502,10.6,-2.4
198503,29.8,5.3
198504,41.8,5.4
198505,50.9,3.0
198506,54.4,-3.3
198507,60.5,-1.7
198508,56.9,-2.9
198509,53.2,2.1
198510,40.4,0.9
198511,20.8,-5.2
198512,0.9,-13.1
198601,13.8,5.4
198602,12.1,-0.9
198603,29.1,4.6
198604,40.0,3.6
198605,50.2,2.3
198606,60.4,2.7
198607,65.1,2.9
198608,56.3,-3.5
198609,55.1,4.0
198610,41.2,1.7
198611,21.6,-4.4
198612,19.1,5.1
198701,15.8,7.4
198702,22.7,9.7
198703,30.2,5.7
198704,39.4,3.0
198705,52.6,4.7
198706,60.9,3.2
198707,65.5,3.3
198708,59.8,0.0
198709,51.2,0.1
198710,33.8,-5.7
198711,32.4,6.4
198712,21.5,7.5
198801,5.6,-2.8
198802,8.3,-4.7
198803,25.5,1.0
198804,34.8,-1.6
198805,51.2,3.3
198806,59.8,2.1
198807,62.7,0.5
198808,63.2,3.4
198809,52.0,0.9
198810,33.5,-6.0
198811,27.6,1.6
198812,15.3,1.3
198901,19.9,11.5
198902,3.9,-9.1
198903,23.7,-0.8
198904,36.8,0.4
198905,46.0,-1.9
198906,56.0,-1.7
198907,63.8,1.6
198908,59.9,0.1
198909,48.5,-2.6
198910,39.1,-0.4
198911,21.7,-4.3
198912,4.0,-10.0
199001,19.7,11.3
199002,17.2,4.2
199003,29.8,5.3
199004,36.1,-0.3
199005,45.7,-2.2
199006,60.0,2.3
199007,62.5,0.3
199008,61.7,1.9
199009,54.4,3.3
199010,37.6,-1.9
199011,30.1,4.1
199012,10.6,-3.4
199101,4.0,-4.4
199102,19.4,6.4
199103,28.3,3.8
199104,40.8,4.4
199105,54.7,6.8
199106,62.7,5.0
199107,62.4,0.2
199108,60.6,0.8
199109,50.4,-0.7
199110,37.6,-1.9
199111,20.1,-5.9
199112,19.2,5.2
199201,18.9,10.5
199202,24.7,11.7
199203,28.9,4.4
199204,35.7,-0.7
199205,47.2,-0.7
199206,55.1,-2.6
199207,59.0,-3.2
199208,54.8,-5.0
199209,49.4,-1.7
199210,38.6,-0.9
199211,27.5,1.5
199212,16.4,2.4
199301,9.1,0.7
199302,12.0,-1.0
199303,23.2,-1.3
199304,34.9,-1.5
199305,49.0,1.1
199306,56.8,-0.9
199307,63.5,1.3
199308,62.2,2.4
199309,47.2,-3.9
199310,38.1,-1.4
199311,24.7,-1.3
199312,17.7,3.7
199401,1.4,-7.0
199402,7.5,-5.5
199403,26.4,1.9
199404,36.3,-0.1
199405,47.7,-0.2
199406,60.3,2.6
199407,59.8,-2.4
199408,57.4,-2.4
199409,52.8,1.7
199410,42.8,3.3
199411,30.2,4.2
199412,19.3,5.3
199501,11.0,2.6
199502,15.8,2.8
199503,27.5,3.0
199504,34.2,-2.2
199505,46.3,-1.6
199506,59.7,2.0
199507,62.7,0.5
199508,66.2,6.4
199509,48.4,-2.7
199510,39.4,-0.1
199511,20.7,-5.3
199512,16.5,2.5
199601,6.2,-2.2
199602,13.7,0.7
199603,18.4,-6.1
199604,33.0,-3.4
199605,47.3,-0.6
199606,59.4,1.7
199607,59.8,-2.4
199608,59.4,-0.4
199609,49.9,-1.2
199610,39.6,0.1
199611,21.7,-4.3
199612,12.2,-1.8
199701,5.2,-3.2
199702,17.5,4.5
199703,26.4,1.9
199704,33.1,-3.3
199705,42.3,-5.6
199706,58.7,1.0
199707,63.0,0.8
199708,59.1,-0.7
199709,52.6,1.5
199710,40.4,0.9
199711,25.6,-0.4
199712,21.6,7.6
199801,16.8,8.4
199802,28.5,15.5
199803,25.6,1.1
199804,39.6,3.2
199805,53.8,5.9
199806,57.4,-0.3
199807,63.7,1.5
199808,63.4,3.6
199809,55.7,4.6
199810,42.7,3.2
199811,31.9,5.9
199812,19.2,5.2
199901,9.1,0.7
199902,24.7,11.7
199903,25.6,1.1
199904,40.3,3.9
199905,50.2,2.3
199906,59.0,1.3
199907,66.3,4.1
199908,59.3,-0.5
199909,48.1,-3.0
199910,36.8,-2.7
199911,31.4,5.4
199912,17.0,3.0
200001,11.8,3.4
200002,23.0,10.0
200003,31.5,7.0
200004,36.6,0.2
200005,50.7,2.8
200006,56.7,-1.0
200007,62.6,0.4
200008,62.5,2.7
200009,51.3,0.2
200010,43.4,3.9
200011,24.0,-2.0
200012,1.4,-12.6
200101,12.5,4.1
200102,9.2,-3.8
200103,22.0,-2.5
200104,40.3,3.9
200105,50.8,2.9
200106,57.7,0.0
200107,64.7,2.5
200108,61.5,1.7
200109,50.1,-1.0
200110,38.7,-0.8
200111,36.9,10.9
200112,21.8,7.8
200201,18.4,10.0
200202,19.9,6.9
200203,20.5,-4.0
200204,37.4,1.0
200205,44.6,-3.3
200206,61.4,3.7
200207,65.6,3.4
200208,60.1,0.3
200209,52.8,1.7
200210,36.4,-3.1
200211,24.8,-1.2
200212,18.7,4.7
200301,9.4,1.0
200302,9.6,-3.4
200303,24.1,-0.4
200304,38.5,2.1
200305,46.6,-1.3
200306,56.2,-1.5
200307,62.2,0.0
200308,61.9,2.1
200309,48.1,-3.0
200310,38.9,-0.6
200311,27.1,1.1
200312,20.6,6.6
200401,8.7,0.3
200402,14.5,1.5
200403,31.6,7.1
200404,37.7,1.3
200405,49.4,1.5
200406,56.5,-1.2
200407,60.5,-1.7
200408,55.4,-4.4
200409,53.7,2.6
200410,41.2,1.7
200411,31.5,5.5
200412,17.0,3.0
200501,11.6,3.2
200502,22.8,9.8
200503,25.0,0.5
200504,41.4,5.0
200505,46.2,-1.7
200506,61.9,4.2
200507,63.5,1.3
200508,60.0,0.2
200509,55.0,3.9
200510,40.3,0.8
200511,28.9,2.9
200512,12.7,-1.3
200601,24.9,16.5
200602,14.1,1.1
200603,27.2,2.7
200604,41.6,5.2
200605,49.5,1.6
200606,58.3,0.6
200607,64.6,2.4
200608,62.3,2.5
200609,49.3,-1.8
200610,37.2,-2.3
200611,28.7,2.7
200612,22.1,8.1
200701,12.8,4.4
200702,7.7,-5.3
200703,32.3,7.8
200704,35.6,-0.8
200705,53.2,5.3
200706,59.2,1.5
200707,62.2,0.0
200708,64.4,4.6
200709,52.1,1.0
200710,45.7,6.2
200711,26.6,0.6
200712,13.0,-1.0
200801,7.8,-0.6
200802,8.2,-4.8
200803,23.3,-1.2
200804,35.8,-0.6
200805,45.4,-2.5
200806,58.6,0.9
200807,62.7,0.5
200808,58.4,-1.4
200809,52.6,1.5
200810,39.4,-0.1
200811,28.4,2.4
200812,7.6,-6.4
200901,3.2,-5.2
200902,16.5,3.5
200903,26.6,2.1
200904,35.5,-0.9
200905,48.3,0.4
200906,58.6,0.9
200907,57.6,-4.6
200908,58.0,-1.8
200909,51.6,0.5
200910,36.7,-2.8
200911,33.7,7.7
200912,12.2,-1.8
201001,6.9,-1.5
201002,8.5,-4.5
201003,29.1,4.6
201004,42.7,6.3
201005,48.6,0.7
201006,60.6,2.9
201007,65.0,2.8
201008,64.0,4.2
201009,52.0,0.9
201010,39.7,0.2
201011,27.9,1.9
201012,11.2,-2.8
201101,6.6,-1.8
201102,14.0,1.0
201103,25.6,1.1
201104,37.2,0.8
201105,47.8,-0.1
201106,59.9,2.2
201107,68.2,6.0
201108,60.9,1.1
201109,48.6,-2.5
201110,39.8,0.3
201111,28.8,2.8
201112,20.4,6.4
201201,16.7,8.3
201202,20.8,7.8
201203,40.2,15.7
201204,40.3,3.9
201205,52.5,4.6
201206,59.8,2.1
201207,67.1,4.9
201208,57.6,-2.2
201209,47.3,-3.8
201210,37.0,-2.5
201211,28.1,2.1
201212,18.7,4.7
201301,12.2,3.8
201302,15.8,2.8
201303,20.8,-3.7
201304,33.1,-3.3
201305,48.5,0.6
201306,59.4,1.7
201307,61.2,-1.0
201308,60.4,0.6
201309,54.5,3.4
201310,39.3,-0.2
201311,23.9,-2.1
201312,8.1,-5.9
201401,2.8,-5.6
201402,3.2,-9.8
201403,19.3,-5.2
201404,35.2,-1.2
201405,48.4,0.5
201406,60.2,2.5
201407,58.5,-3.7
201408,62.0,2.2
201409,50.9,-0.2
201410,39.9,0.4
201411,19.7,-6.3
201412,22.3,8.3
201501,12.5,4.1
201502,4.7,-8.3
201503,24.6,0.1
201504,38.7,2.3
201505,49.8,1.9
201506,59.4,1.7
201507,62.0,-0.2
201508,58.6,-1.2
201509,57.5,6.4
201510,41.7,2.2
201511,32.8,6.8
201512,26.6,12.6
201601,12.4,4.0
201602,21.1,8.1
201603,32.0,7.5
201604,39.3,2.9
201605,48.1,0.2
201606,61.2,3.5
201607,63.1,0.9
201608,62.2,2.4
201609,56.8,5.7
201610,44.2,4.7
201611,34.2,8.2
201612,15.3,1.3
201701,17.9,9.5
201702,24.0,11.0
201703,28.3,3.8
201704,40.9,4.5
201705,47.2,-0.7
201706,58.6,0.9
201707,63.6,1.4
201708,56.8,-3.0
201709,54.3,3.2
201710,43.2,3.7
201711,26.0,0.0
201712,15.1,1.1
201801,8.7,0.3
201802,11.1,-1.9
201803,26.8,2.3
201804,28.1,-8.3
201805,55.4,7.5
201806,63.1,5.4
201807,62.4,0.2
201808,61.2,1.4
201809,55.9,4.8
201810,38.0,-1.5
201811,22.2,-3.8
201812,20.4,6.4
201901,10.3,1.9
201902,6.1,-6.9
201903,23.5,-1.0
