Kansas, Minimum Temperature
Units: Degrees Fahrenheit
Base Period: 1901-2000
Missing: -99
Date,Value,Anomaly
198001,19.6,2.4
198002,18.6,-2.6
198003,27.6,-2.0
198004,39.2,-1.2
198005,49.9,-1.0
198006,63.4,2.6
198007,70.2,4.3
198008,67.2,2.9
198009,56.8,1.5
198010,39.7,-3.3
198011,30.3,0.7
198012,23.4,3.0
198101,19.6,2.4
198102,21.8,0.6
198103,32.5,2.9
198104,47.5,7.1
198105,48.9,-2.0
198106,63.1,2.3
198107,68.0,2.1
198108,62.6,-1.7
198109,55.0,-0.3
198110,43.8,0.8
198111,33.2,3.6
198112,22.1,1.7
198201,12.1,-5.1
198202,16.6,-4.6
198203,30.2,0.6
198204,37.9,-2.5
198205,52.8,1.9
198206,56.9,-3.9
198207,66.4,0.5
198208,65.8,1.5
198209,55.7,0.4
198210,41.5,-1.5
198211,28.4,-1.2
198212,23.7,3.3
198301,22.3,5.1
198302,25.8,4.6
198303,32.2,2.6
198304,36.2,-4.2
198305,46.8,-4.1
198306,58.4,-2.4
198307,67.4,1.5
198308,69.4,5.1
198309,56.6,1.3
198310,46.5,3.5
198311,33.2,3.6
198312,7.4,-13.0
198401,16.0,-1.2
198402,26.7,5.5
198403,27.9,-1.7
198404,38.6,-1.8
198405,50.1,-0.8
198406,61.7,0.9
198407,64.8,-1.1
198408,64.9,0.6
198409,52.6,-2.7
198410,43.8,0.8
198411,30.8,1.2
198412,23.4,3.0
198501,13.0,-4.2
198502,17.1,-4.1
198503,34.0,4.4
198504,44.4,4.0
198505,53.0,2.1
198506,57.9,-2.9
198507,65.4,-0.5
198508,62.6,-1.7
198509,55.2,-0.1
198510,43.3,0.3
198511,26.0,-3.6
198512,15.7,-4.7
198601,22.9,5.7
198602,23.6,2.4
198603,35.4,5.8
198604,42.9,2.5
198605,51.8,0.9
198606,63.8,3.0
198607,68.1,2.2
198608,62.8,-1.5
198609,59.2,3.9
198610,44.4,1.4
198611,26.6,-3.0
198612,23.7,3.3
198701,20.5,3.3
198702,29.2,8.0
198703,32.0,2.4
198704,40.7,0.3
198705,55.9,5.0
198706,62.0,1.2
198707,66.1,0.2
198708,63.8,-0.5
198709,54.0,-1.3
198710,39.3,-3.7
198711,33.8,4.2
198712,23.5,3.1
198801,14.6,-2.6
198802,18.9,-2.3
198803,29.1,-0.5
198804,38.4,-2.0
198805,53.1,2.2
198806,63.1,2.3
198807,65.4,-0.5
198808,65.7,1.4
198809,55.1,-0.2
198810,40.6,-2.4
198811,31.0,1.4
198812,22.3,1.9
198901,22.6,5.4
198902,13.7,-7.5
198903,28.8,-0.8
198904,42.2,1.8
198905,51.4,0.5
198906,58.0,-2.8
198907,64.9,-1.0
198908,63.8,-0.5
198909,51.9,-3.4
198910,42.7,-0.3
198911,27.9,-1.7
198912,12.4,-8.0
199001,23.3,6.1
199002,24.5,3.3
199003,34.1,4.5
199004,40.1,-0.3
199005,49.1,-1.8
199006,63.9,3.1
199007,65.1,-0.8
199008,64.3,0.0
199009,58.0,2.7
199010,41.4,-1.6
199011,34.0,4.4
199012,16.4,-4.0
199101,15.4,-1.8
199102,26.1,4.9
199103,32.8,3.2
199104,43.5,3.1
199105,55.4,4.5
199106,64.4,3.6
199107,66.3,0.4
199108,63.8,-0.5
199109,55.0,-0.3
199110,41.6,-1.4
199111,26.2,-3.4
199112,26.9,6.5
199201,25.3,8.1
199202,29.7,8.5
199203,34.9,5.3
199204,41.2,0.8
199205,50.1,-0.8
199206,57.9,-2.9
199207,63.6,-2.3
199208,59.7,-4.6
199209,54.6,-0.7
199210,42.4,-0.6
199211,29.7,0.1
199212,20.2,-0.2
199301,16.6,-0.6
199302,19.0,-2.2
199303,30.6,1.0
199304,38.8,-1.6
199305,51.4,0.5
199306,59.8,-1.0
199307,66.6,0.7
199308,65.2,0.9
199309,50.4,-4.9
199310,41.0,-2.0
199311,25.9,-3.7
199312,24.0,3.6
199401,17.5,0.3
199402,17.2,-4.0
199403,32.2,2.6
199404,39.7,-0.7
199405,51.8,0.9
199406,64.0,3.2
199407,62.9,-3.0
199408,63.6,-0.7
199409,54.5,-0.8
199410,44.9,1.9
199411,32.8,3.2
199412,25.6,5.2
199501,20.0,2.8
199502,25.8,4.6
199503,31.9,2.3
199504,37.7,-2.7
199505,47.5,-3.4
199506,58.6,-2.2
199507,64.9,-1.0
199508,67.8,3.5
199509,53.8,-1.5
199510,41.0,-2.0
199511,27.2,-2.4
199512,21.6,1.2
199601,14.1,-3.1
199602,20.7,-0.5
199603,23.7,-5.9
199604,38.0,-2.4
199605,53.7,2.8
199606,61.9,1.1
199607,65.0,-0.9
199608,64.0,-0.3
199609,53.5,-1.8
199610,43.4,0.4
199611,28.0,-1.6
199612,19.4,-1.0
199701,16.1,-1.1
199702,24.8,3.6
199703,31.3,1.7
199704,36.5,-3.9
199705,47.0,-3.9
199706,60.2,-0.6
199707,65.8,-0.1
199708,63.8,-0.5
199709,57.6,2.3
199710,44.6,1.6
199711,29.3,-0.3
199712,24.6,4.2
199801,23.1,5.9
199802,30.1,8.9
199803,28.4,-1.2
199804,39.6,-0.8
199805,54.5,3.6
199806,59.7,-1.1
199807,68.5,2.6
199808,65.5,1.2
199809,60.9,5.6
199810,46.2,3.2
199811,36.4,6.8
199812,22.6,2.2
199901,20.6,3.4
199902,29.2,8.0
199903,31.0,1.4
199904,42.0,1.6
199905,50.7,-0.2
199906,60.1,-0.7
199907,68.5,2.6
199908,64.8,0.5
199909,53.1,-2.2
199910,40.9,-2.1
199911,34.6,5.0
199912,24.8,4.4
200001,21.1,3.9
200002,27.3,6.1
200003,35.0,5.4
200004,39.2,-1.2
200005,53.4,2.5
200006,59.5,-1.3
200007,66.6,0.7
200008,68.7,4.4
200009,55.2,-0.1
200010,47.7,4.7
200011,25.6,-4.0
200012,13.7,-6.7
200101,20.1,2.9
200102,20.6,-0.6
200103,30.3,0.7
200104,44.9,4.5
200105,52.7,1.8
200106,60.5,-0.3
200107,70.1,4.2
200108,65.3,1.0
200109,54.8,-0.5
200110,42.0,-1.0
200111,36.5,6.9
200112,23.5,3.1
200201,20.2,3.0
200202,22.9,1.7
200203,24.4,-5.2
200204,42.8,2.4
200205,49.0,-1.9
200206,64.2,3.4
200207,67.6,1.7
200208,66.1,1.8
200209,56.8,1.5
200210,40.3,-2.7
200211,30.0,0.4
200212,23.4,3.0
200301,19.3,2.1
200302,19.6,-1.6
200303,31.6,2.0
200304,42.8,2.4
200305,50.3,-0.6
200306,58.7,-2.1
200307,67.5,1.6
200308,66.7,2.4
200309,52.0,-3.3
200310,43.9,0.9
200311,31.1,1.5
200312,24.0,3.6
200401,18.5,1.3
200402,20.2,-1.0
200403,36.8,7.2
200404,41.9,1.5
200405,53.5,2.6
200406,59.2,-1.6
200407,63.9,-2.0
200408,60.4,-3.9
200409,57.0,1.7
200410,46.4,3.4
200411,35.0,5.4
200412,22.7,2.3
200501,20.7,3.5
200502,28.1,6.9
200503,31.7,2.1
200504,42.3,1.9
200505,50.6,-0.3
200506,62.4,1.6
200507,65.4,-0.5
200508,65.4,1.1
200509,59.1,3.8
200510,44.7,1.7
200511,32.2,2.6
200512,19.7,-0.7
200601,27.1,9.9
200602,19.9,-1.3
200603,32.9,3.3
200604,44.3,3.9
200605,52.7,1.8
200606,61.9,1.1
200607,67.6,1.7
200608,66.8,2.5
200609,51.2,-4.1
200610,42.4,-0.6
200611,30.8,1.2
200612,24.5,4.1
200701,17.3,0.1
200702,19.7,-1.5
200703,40.1,10.5
200704,39.3,-1.1
200705,54.8,3.9
200706,61.0,0.2
200707,66.3,0.4
200708,69.6,5.3
200709,57.3,2.0
200710,45.3,2.3
200711,29.2,-0.4
200712,19.6,-0.8
200801,17.9,0.7
200802,20.7,-0.5
200803,29.9,0.3
200804,37.7,-2.7
200805,49.7,-1.2
200806,61.0,0.2
200807,66.0,0.1
200808,64.2,-0.1
200809,54.6,-0.7
200810,42.9,-0.1
200811,32.5,2.9
200812,17.6,-2.8
200901,18.0,0.8
200902,24.4,3.2
200903,30.6,1.0
200904,39.1,-1.3
200905,51.0,0.1
200906,62.4,1.6
200907,63.2,-2.7
200908,62.2,-2.1
200909,54.0,-1.3
200910,38.8,-4.2
200911,35.6,6.0
200912,16.3,-4.1
201001,17.6,0.4
201002,21.0,-0.2
201003,32.9,3.3
201004,44.7,4.3
201005,50.2,-0.7
201006,64.8,4.0
201007,68.2,2.3
201008,66.4,2.1
201009,57.1,1.8
201010,44.0,1.0
201011,30.4,0.8
201012,20.6,0.2
201101,15.2,-2.0
201102,17.0,-4.2
201103,32.0,2.4
201104,41.2,0.8
201105,49.3,-1.6
201106,63.0,2.2
201107,71.1,5.2
201108,67.5,3.2
201109,51.8,-3.5
201110,42.9,-0.1
201111,31.0,1.4
201112,23.0,2.6
201201,22.5,5.3
201202,25.6,4.4
201203,41.8,12.2
201204,46.7,6.3
201205,54.7,3.8
201206,63.0,2.2
201207,69.7,3.8
201208,61.7,-2.6
201209,53.6,-1.7
201210,40.4,-2.6
201211,30.7,1.1
201212,22.2,1.8
201301,20.2,3.0
201302,21.6,0.4
201303,27.8,-1.8
201304,35.8,-4.6
201305,50.2,-0.7
201306,61.6,0.8
201307,64.8,-1.1
201308,65.4,1.1
201309,58.8,3.5
201310,42.0,-1.0
201311,29.0,-0.6
201312,16.8,-3.6
201401,16.0,-1.2
201402,17.0,-4.2
201403,26.1,-3.5
201404,39.6,-0.8
201405,50.5,-0.4
201406,62.1,1.3
201407,63.0,-2.9
201408,65.2,0.9
201409,55.6,0.3
201410,45.1,2.1
201411,25.1,-4.5
201412,26.1,5.7
201501,19.4,2.2
201502,18.4,-2.8
201503,31.8,2.2
201504,43.1,2.7
201505,51.1,0.2
201506,63.8,3.0
201507,67.0,1.1
201508,62.6,-1.7
201509,61.3,6.0
201510,46.4,3.4
201511,34.5,4.9
201512,27.1,6.7
201601,21.2,4.0
201602,27.3,6.1
201603,34.5,4.9
201604,43.1,2.7
201605,49.7,-1.2
201606,64.4,3.6
201607,68.0,2.1
201608,65.2,0.9
201609,58.3,3.0
201610,47.0,4.0
201611,36.0,6.4
201612,17.6,-2.8
201701,22.3,5.1
201702,28.4,7.2
201703,35.4,5.8
201704,43.9,3.5
201705,49.3,-1.6
201706,61.8,1.0
201707,67.5,1.6
201708,61.2,-3.1
201709,57.1,1.8
201710,44.2,1.2
201711,32.7,3.1
201712,20.8,0.4
201801,16.3,-0.9
201802,19.1,-2.1
201803,31.6,2.0
201804,33.1,-7.3
201805,57.6,6.7
201806,65.2,4.4
201807,66.2,0.3
201808,64.1,-0.2
201809,59.1,3.8
201810,42.3,-0.7
201811,26.5,-3.1
201812,23.2,2.8
201901,21.5,4.3
201902,18.1,-3.1
201903,29.3,-0.3
