Arizona, Minimum Temperature
Units: Degrees Fahrenheit
Base Period: 1901-2000
Missing: -99
Date,Value,Anomaly
198001,34.4,6.1
198002,36.0,4.2
198003,35.6,-0.2
198004,41.1,-0.7
198005,46.6,-2.6
198006,57.0,-0.9
198007,66.3,0.7
198008,63.7,-0.6
198009,57.1,-0.5
198010,45.3,-1.0
198011,35.2,-0.1
198012,33.3,4.3
198101,33.3,5.0
198102,32.6,0.8
198103,36.5,0.7
198104,45.4,3.6
198105,50.7,1.5
198106,62.7,4.8
198107,67.4,1.8
198108,65.3,1.0
198109,58.9,1.3
198110,45.7,-0.6
198111,37.5,2.2
198112,31.4,2.4
198201,29.3,1.0
198202,33.8,2.0
198203,37.2,1.4
198204,42.0,0.2
198205,49.1,-0.1
198206,55.2,-2.7
198207,64.3,-1.3
198208,65.8,1.5
198209,58.8,1.2
198210,42.4,-3.9
198211,37.2,1.9
198212,30.1,1.1
198301,30.2,1.9
198302,33.8,2.0
198303,37.8,2.0
198304,37.9,-3.9
198305,47.7,-1.5
198306,55.7,-2.2
198307,65.0,-0.6
198308,64.3,0.0
198309,61.6,4.0
198310,49.1,2.8
198311,36.9,1.6
198312,33.1,4.1
198401,29.6,1.3
198402,28.6,-3.2
198403,35.4,-0.4
198404,40.2,-1.6
198405,53.8,4.6
198406,58.8,0.9
198407,65.9,0.3
198408,64.3,0.0
198409,59.8,2.2
198410,44.1,-2.2
198411,35.1,-0.2
198412,31.7,2.7
198501,29.7,1.4
198502,29.7,-2.1
198503,36.7,0.9
198504,44.6,2.8
198505,51.2,2.0
198506,59.8,1.9
198507,66.3,0.7
198508,64.0,-0.3
198509,53.5,-4.1
198510,47.5,1.2
198511,35.8,0.5
198512,29.6,0.6
198601,32.8,4.5
198602,35.3,3.5
198603,40.4,4.6
198604,43.8,2.0
198605,50.3,1.1
198606,60.8,2.9
198607,64.0,-1.6
198608,66.3,2.0
198609,54.3,-3.3
198610,44.7,-1.6
198611,37.4,2.1
198612,30.7,1.7
198701,27.1,-1.2
198702,32.4,0.6
198703,34.1,-1.7
198704,44.9,3.1
198705,50.7,1.5
198706,59.7,1.8
198707,62.1,-3.5
198708,63.5,-0.8
198709,56.3,-1.3
198710,50.6,4.3
198711,36.0,0.7
198712,27.3,-1.7
198801,28.4,0.1
198802,33.5,1.7
198803,34.7,-1.1
198804,42.5,0.7
198805,49.2,0.0
198806,60.5,2.6
198807,66.7,1.1
198808,64.7,0.4
198809,55.0,-2.6
198810,51.3,5.0
198811,36.3,1.0
198812,28.0,-1.0
198901,26.8,-1.5
198902,32.4,0.6
198903,39.8,4.0
198904,47.1,5.3
198905,51.3,2.1
198906,58.8,0.9
198907,66.8,1.2
198908,63.4,-0.9
198909,57.6,0.0
198910,46.4,0.1
198911,36.0,0.7
198912,27.5,-1.5
199001,27.5,-0.8
199002,29.5,-2.3
199003,38.4,2.6
199004,45.4,3.6
199005,49.5,0.3
199006,61.4,3.5
199007,66.2,0.6
199008,62.5,-1.8
199009,60.1,2.5
199010,46.5,0.2
199011,36.4,1.1
199012,24.7,-4.3
199101,29.0,0.7
199102,34.8,3.0
199103,33.7,-2.1
199104,39.8,-2.0
199105,46.9,-2.3
199106,55.4,-2.5
199107,64.8,-0.8
199108,65.0,0.7
199109,58.4,0.8
199110,48.8,2.5
199111,36.0,0.7
199112,31.7,2.7
199201,28.2,-0.1
199202,35.9,4.1
199203,38.4,2.6
199204,45.6,3.8
199205,52.9,3.7
199206,57.6,-0.3
199207,63.9,-1.7
199208,64.2,-0.1
199209,58.3,0.7
199210,48.8,2.5
199211,32.0,-3.3
199212,27.8,-1.2
199301,34.3,6.0
199302,34.4,2.6
199303,38.1,2.3
199304,42.9,1.1
199305,51.6,2.4
199306,57.3,-0.6
199307,63.5,-2.1
199308,64.1,-0.2
199309,55.9,-1.7
199310,47.1,0.8
199311,33.8,-1.5
199312,28.2,-0.8
199401,28.5,0.2
199402,30.3,-1.5
199403,39.1,3.3
199404,43.3,1.5
199405,49.8,0.6
199406,62.7,4.8
199407,66.0,0.4
199408,67.5,3.2
199409,59.4,1.8
199410,45.2,-1.1
199411,32.7,-2.6
199412,31.9,2.9
199501,32.0,3.7
199502,37.8,6.0
199503,38.3,2.5
199504,40.4,-1.4
199505,47.3,-1.9
199506,55.5,-2.4
199507,64.5,-1.1
199508,67.5,3.2
199509,60.4,2.8
199510,46.2,-0.1
199511,40.1,4.8
199512,31.2,2.2
199601,29.8,1.5
199602,37.3,5.5
199603,37.2,1.4
199604,43.6,1.8
199605,52.9,3.7
199606,61.3,3.4
199607,68.4,2.8
199608,66.2,1.9
199609,57.0,-0.6
199610,46.3,0.0
199611,37.4,2.1
199612,31.0,2.0
199701,31.2,2.9
199702,31.3,-0.5
199703,38.7,2.9
199704,42.4,0.6
199705,54.6,5.4
199706,57.7,-0.2
199707,64.0,-1.6
199708,65.8,1.5
199709,62.1,4.5
199710,45.3,-1.0
199711,37.3,2.0
199712,28.1,-0.9
199801,31.2,2.9
199802,31.5,-0.3
199803,35.7,-0.1
199804,38.4,-3.4
199805,47.3,-1.9
199806,55.1,-2.8
199807,66.8,1.2
199808,66.6,2.3
199809,59.7,2.1
199810,45.9,-0.4
199811,36.3,1.0
199812,29.5,0.5
199901,30.9,2.6
199902,32.8,1.0
199903,37.3,1.5
199904,39.1,-2.7
199905,49.4,0.2
199906,58.5,0.6
199907,66.0,0.4
199908,64.5,0.2
199909,58.5,0.9
199910,47.2,0.9
199911,38.5,3.2
199912,28.0,-1.0
200001,31.8,3.5
200002,34.6,2.8
200003,37.0,1.2
200004,45.5,3.7
200005,54.2,5.0
200006,62.4,4.5
200007,66.5,0.9
200008,66.1,1.8
200009,59.6,2.0
200010,47.9,1.6
200011,31.2,-4.1
200012,30.6,1.6
200101,28.7,0.4
200102,31.5,-0.3
200103,37.9,2.1
200104,42.8,1.0
200105,54.0,4.8
200106,60.7,2.8
200107,66.0,0.4
200108,65.1,0.8
200109,59.9,2.3
200110,49.5,3.2
200111,39.7,4.4
200112,27.4,-1.6
200201,28.9,0.6
200202,30.4,-1.4
200203,33.8,-2.0
200204,46.1,4.3
200205,49.6,0.4
200206,61.2,3.3
200207,68.0,2.4
200208,64.8,0.5
200209,59.6,2.0
200210,46.2,-0.1
200211,37.5,2.2
200212,29.3,0.3
200301,34.6,6.3
200302,34.1,2.3
200303,37.2,1.4
200304,40.6,-1.2
200305,52.0,2.8
200306,59.7,1.8
200307,68.5,2.9
200308,66.8,2.5
200309,59.9,2.3
200310,52.3,6.0
200311,36.3,1.0
200312,29.7,0.7
200401,30.8,2.5
200402,29.8,-2.0
200403,43.3,7.5
200404,44.1,2.3
200405,52.0,2.8
200406,59.0,1.1
200407,65.0,-0.6
200408,63.7,-0.6
200409,57.2,-0.4
200410,46.9,0.6
200411,36.1,0.8
200412,31.1,2.1
200501,34.9,6.6
200502,37.0,5.2
200503,37.3,1.5
200504,41.8,0.0
200505,51.8,2.6
200506,58.1,0.2
200507,66.9,1.3
200508,64.2,-0.1
200509,58.5,0.9
200510,48.6,2.3
200511,37.7,2.4
200512,29.3,0.3
200601,29.3,1.0
200602,32.1,0.3
200603,35.5,-0.3
200604,43.3,1.5
200605,53.0,3.8
200606,63.1,5.2
200607,68.8,3.2
200608,65.0,0.7
200609,55.8,-1.8
200610,46.4,0.1
200611,37.9,2.6
200612,28.4,-0.6
200701,26.4,-1.9
200702,33.4,1.6
200703,39.4,3.6
200704,44.2,2.4
200705,52.5,3.3
200706,60.4,2.5
200707,68.0,2.4
200708,67.5,3.2
200709,59.8,2.2
200710,47.2,0.9
200711,40.5,5.2
200712,28.4,-0.6
200801,28.1,-0.2
200802,32.1,0.3
200803,36.5,0.7
200804,41.7,-0.1
200805,47.8,-1.4
200806,60.2,2.3
200807,67.1,1.5
200808,66.1,1.8
200809,59.0,1.4
200810,46.9,0.6
200811,39.2,3.9
200812,30.8,1.8
200901,32.2,3.9
200902,32.7,0.9
200903,37.5,1.7
200904,41.5,-0.3
200905,55.4,6.2
200906,58.5,0.6
200907,68.3,2.7
200908,64.3,0.0
200909,59.5,1.9
200910,44.8,-1.5
200911,37.8,2.5
200912,27.1,-1.9
201001,30.5,2.2
201002,33.1,1.3
201003,35.6,-0.2
201004,41.2,-0.6
201005,46.9,-2.3
201006,59.2,1.3
201007,68.4,2.8
201008,65.8,1.5
201009,59.7,2.1
201010,49.3,3.0
201011,34.2,-1.1
201012,34.5,5.5
201101,27.6,-0.7
201102,27.8,-4.0
201103,38.3,2.5
201104,43.8,2.0
201105,47.7,-1.5
201106,58.4,0.5
201107,66.8,1.2
201108,68.1,3.8
201109,60.2,2.6
201110,47.6,1.3
201111,36.4,1.1
201112,28.2,-0.8
201201,31.2,2.9
201202,31.9,0.1
201203,36.1,0.3
201204,44.8,3.0
201205,52.6,3.4
201206,61.6,3.7
201207,66.9,1.3
201208,67.2,2.9
201209,59.8,2.2
201210,48.1,1.8
201211,38.6,3.3
201212,30.1,1.1
201301,25.6,-2.7
201302,28.8,-3.0
201303,39.7,3.9
201304,44.0,2.2
201305,51.6,2.4
201306,62.4,4.5
201307,68.3,2.7
201308,65.4,1.1
201309,59.1,1.5
201310,43.6,-2.7
201311,38.5,3.2
201312,28.9,-0.1
201401,31.6,3.3
201402,35.7,3.9
201403,39.4,3.6
201404,43.8,2.0
201405,51.0,1.8
201406,61.0,3.1
201407,67.6,2.0
201408,63.6,-0.7
201409,61.2,3.6
201410,50.4,4.1
201411,37.3,2.0
201412,33.5,4.5
201501,33.2,4.9
201502,37.8,6.0
201503,42.0,6.2
201504,43.1,1.3
201505,48.6,-0.6
201506,62.7,4.8
201507,65.4,-0.2
201508,66.9,2.6
201509,61.6,4.0
201510,52.0,5.7
201511,34.8,-0.5
201512,28.1,-0.9
201601,29.5,1.2
201602,34.5,2.7
201603,39.5,3.7
201604,43.8,2.0
201605,49.6,0.4
201606,64.1,6.2
201607,67.9,2.3
201608,64.4,0.1
201609,57.8,0.2
201610,51.2,4.9
201611,39.8,4.5
201612,32.8,3.8
201701,32.2,3.9
201702,37.4,5.6
201703,41.2,5.4
201704,44.0,2.2
201705,50.2,1.0
201706,62.6,4.7
201707,68.0,2.4
201708,65.2,0.9
201709,57.9,0.3
201710,48.8,2.5
201711,42.9,7.6
201712,32.1,3.1
201801,33.3,5.0
201802,33.0,1.2
201803,38.3,2.5
201804,46.9,5.1
201805,52.0,2.8
201806,61.9,4.0
201807,68.3,2.7
201808,66.7,2.4
201809,61.2,3.6
201810,48.3,2.0
201811,35.1,-0.2
201812,30.9,1.9
201901,30.6,2.3
201902,29.6,-2.2
201903,38.5,2.7
