Mississippi, Minimum Temperature
Units: Degrees Fahrenheit
Base Period: 1901-2000
Missing: -99
Date,Value,Anomaly
198001,37.7,3.3
198002,32.2,-4.9
198003,41.5,-2.3
198004,48.6,-2.9
198005,60.5,1.0
198006,67.0,0.2
198007,72.3,2.5
198008,70.0,1.1
198009,66.8,3.5
198010,47.0,-4.2
198011,40.4,-1.1
198012,32.9,-3.1
198101,28.1,-6.3
198102,35.8,-1.3
198103,40.2,-3.6
198104,56.8,5.3
198105,56.9,-2.6
198106,69.9,3.1
198107,71.2,1.4
198108,68.9,0.0
198109,59.0,-4.3
198110,51.2,0.0
198111,42.6,1.1
198112,33.2,-2.8
198201,32.5,-1.9
198202,35.8,-1.3
198203,47.9,4.1
198204,50.1,-1.4
198205,60.6,1.1
198206,66.1,-0.7
198207,70.2,0.4
198208,69.9,1.0
198209,60.8,-2.5
198210,51.1,-0.1
198211,43.9,2.4
198212,43.0,7.0
198301,33.1,-1.3
198302,37.5,0.4
198303,41.4,-2.4
198304,46.9,-4.6
198305,58.2,-1.3
198306,65.5,-1.3
198307,70.2,0.4
198308,70.8,1.9
198309,60.8,-2.5
198310,52.0,0.8
198311,42.2,0.7
198312,31.1,-4.9
198401,28.0,-6.4
198402,36.5,-0.6
198403,42.7,-1.1
198404,50.9,-0.6
198405,57.5,-2.0
198406,65.5,-1.3
198407,68.1,-1.7
198408,68.2,-0.7
198409,60.8,-2.5
198410,58.8,7.6
198411,40.6,-0.9
198412,45.9,9.9
198501,26.3,-8.1
198502,34.4,-2.7
198503,48.5,4.7
198504,52.5,1.0
198505,59.7,0.2
198506,66.9,0.1
198507,69.0,-0.8
198508,69.2,0.3
198509,61.9,-1.4
198510,57.8,6.6
198511,51.3,9.8
198512,29.8,-6.2
198601,30.6,-3.8
198602,41.0,3.9
198603,41.5,-2.3
198604,50.1,-1.4
198605,61.5,2.0
198606,69.0,2.2
198607,71.6,1.8
198608,67.4,-1.5
198609,66.6,3.3
198610,53.3,2.1
198611,48.6,7.1
198612,37.2,1.2
198701,32.6,-1.8
198702,40.2,3.1
198703,42.8,-1.0
198704,46.7,-4.8
198705,63.7,4.2
198706,67.2,0.4
198707,69.6,-0.2
198708,71.3,2.4
198709,61.4,-1.9
198710,42.4,-8.8
198711,42.5,1.0
198712,39.4,3.4
198801,29.9,-4.5
198802,34.1,-3.0
198803,41.6,-2.2
198804,50.8,-0.7
198805,55.0,-4.5
198806,63.9,-2.9
198807,70.0,0.2
198808,70.3,1.4
198809,65.8,2.5
198810,48.4,-2.8
198811,45.2,3.7
198812,35.1,-0.9
198901,39.9,5.5
198902,37.2,0.1
198903,46.0,2.2
198904,48.9,-2.6
198905,59.2,-0.3
198906,67.2,0.4
198907,70.0,0.2
198908,68.1,-0.8
198909,63.0,-0.3
198910,49.5,-1.7
198911,43.2,1.7
198912,26.9,-9.1
199001,39.6,5.2
199002,44.4,7.3
199003,46.8,3.0
199004,49.7,-1.8
199005,59.1,-0.4
199006,67.7,0.9
199007,69.3,-0.5
199008,68.0,-0.9
199009,64.1,0.8
199010,48.1,-3.1
199011,42.6,1.1
199012,38.9,2.9
199101,36.3,1.9
199102,39.3,2.2
199103,45.6,1.8
199104,56.4,4.9
199105,65.4,5.9
199106,68.6,1.8
199107,70.9,1.1
199108,68.5,-0.4
199109,63.0,-0.3
199110,52.0,0.8
199111,38.7,-2.8
199112,40.6,4.6
199201,34.3,-0.1
199202,40.4,3.3
199203,43.8,0.0
199204,50.4,-1.1
199205,57.0,-2.5
199206,65.6,-1.2
199207,70.8,1.0
199208,66.0,-2.9
199209,63.7,0.4
199210,49.7,-1.5
199211,41.4,-0.1
199212,39.4,3.4
199301,38.8,4.4
199302,35.3,-1.8
199303,41.8,-2.0
199304,47.5,-4.0
199305,58.5,-1.0
199306,68.0,1.2
199307,71.9,2.1
199308,70.8,1.9
199309,62.4,-0.9
199310,51.1,-0.1
199311,39.8,-1.7
199312,35.6,-0.4
199401,31.8,-2.6
199402,38.1,1.0
199403,42.9,-0.9
199404,53.0,1.5
199405,58.0,-1.5
199406,69.3,2.5
199407,69.2,-0.6
199408,67.3,-1.6
199409,60.9,-2.4
199410,54.9,3.7
199411,47.7,6.2
199412,40.4,4.4
199501,36.1,1.7
199502,36.8,-0.3
199503,47.4,3.6
199504,51.6,0.1
199505,62.0,2.5
199506,64.5,-2.3
199507,70.5,0.7
199508,72.0,3.1
199509,61.0,-2.3
199510,50.5,-0.7
199511,38.0,-3.5
199512,35.7,-0.3
199601,32.7,-1.7
199602,37.0,-0.1
199603,39.0,-4.8
199604,47.8,-3.7
199605,63.1,3.6
199606,67.2,0.4
199607,70.0,0.2
199608,68.2,-0.7
199609,61.8,-1.5
199610,51.8,0.6
199611,43.3,1.8
199612,39.0,3.0
199701,35.3,0.9
199702,41.5,4.4
199703,48.3,4.5
199704,47.4,-4.1
199705,57.3,-2.2
199706,67.0,0.2
199707,71.0,1.2
199708,68.0,-0.9
199709,63.2,-0.1
199710,50.9,-0.3
199711,40.2,-1.3
199712,35.2,-0.8
199801,39.3,4.9
199802,39.7,2.6
199803,44.1,0.3
199804,50.5,-1.0
199805,62.3,2.8
199806,70.9,4.1
199807,72.9,3.1
199808,70.3,1.4
199809,68.0,4.7
199810,54.4,3.2
199811,46.7,5.2
199812,40.9,4.9
199901,38.5,4.1
199902,41.4,4.3
199903,41.6,-2.2
199904,56.5,5.0
199905,58.6,-0.9
199906,68.4,1.6
199907,71.4,1.6
199908,69.7,0.8
199909,59.9,-3.4
199910,50.2,-1.0
199911,42.7,1.2
199912,35.8,-0.2
200001,36.7,2.3
200002,39.8,2.7
200003,47.3,3.5
200004,49.1,-2.4
200005,63.2,3.7
200006,66.9,0.1
200007,69.5,-0.3
200008,69.8,0.9
200009,63.1,-0.2
200010,50.3,-0.9
200011,41.6,0.1
200012,27.9,-8.1
200101,30.6,-3.8
200102,41.3,4.2
200103,41.3,-2.5
200104,55.3,3.8
200105,59.2,-0.3
200106,66.2,-0.6
200107,70.8,1.0
200108,69.9,1.0
200109,62.3,-1.0
200110,47.2,-4.0
200111,44.0,2.5
200112,39.6,3.6
200201,36.5,2.1
200202,33.9,-3.2
200203,42.7,-1.1
200204,55.6,4.1
200205,59.2,-0.3
200206,66.8,0.0
200207,70.8,1.0
200208,69.7,0.8
200209,67.6,4.3
200210,58.7,7.5
200211,40.5,-1.0
200212,35.8,-0.2
200301,29.2,-5.2
200302,37.1,0.0
200303,45.3,1.5
200304,51.9,0.4
200305,62.8,3.3
200306,66.8,0.0
200307,70.0,0.2
200308,70.6,1.7
200309,62.0,-1.3
200310,52.1,0.9
200311,46.4,4.9
200312,32.8,-3.2
200401,34.0,-0.4
200402,35.9,-1.2
200403,47.3,3.5
200404,49.5,-2.0
200405,62.3,2.8
200406,68.5,1.7
200407,69.5,-0.3
200408,65.7,-3.2
200409,63.4,0.1
200410,60.1,8.9
200411,49.4,7.9
200412,33.5,-2.5
200501,40.2,5.8
200502,42.3,5.2
200503,42.5,-1.3
200504,50.3,-1.2
200505,56.9,-2.6
200506,67.2,0.4
200507,71.3,1.5
200508,71.1,2.2
200509,66.2,2.9
200510,50.2,-1.0
200511,43.4,1.9
200512,32.2,-3.8
200601,39.8,5.4
200602,35.1,-2.0
200603,45.0,1.2
200604,55.6,4.1
200605,60.0,0.5
200606,65.8,-1.0
200607,70.3,0.5
200608,71.5,2.6
200609,60.6,-2.7
200610,50.2,-1.0
200611,40.6,-0.9
200612,37.7,1.7
200701,36.8,2.4
200702,34.1,-3.0
200703,47.2,3.4
200704,48.5,-3.0
200705,59.6,0.1
200706,67.2,0.4
200707,69.5,-0.3
200708,71.9,3.0
200709,65.9,2.6
200710,54.6,3.4
200711,42.8,1.3
200712,40.9,4.9
200801,33.0,-1.4
200802,37.9,0.8
200803,43.2,-0.6
200804,50.9,-0.6
200805,59.7,0.2
200806,68.0,1.2
200807,69.2,-0.6
200808,68.9,0.0
200809,64.4,1.1
200810,49.9,-1.3
200811,39.2,-2.3
200812,37.6,1.6
200901,34.1,-0.3
200902,37.8,0.7
200903,46.5,2.7
200904,50.2,-1.3
200905,62.4,2.9
200906,68.5,1.7
200907,68.6,-1.2
200908,68.3,-0.6
200909,66.8,3.5
200910,52.6,1.4
200911,42.5,1.0
200912,35.3,-0.7
201001,30.1,-4.3
201002,30.9,-6.2
201003,40.5,-3.3
201004,51.5,0.0
201005,63.5,4.0
201006,71.7,4.9
201007,72.7,2.9
201008,73.3,4.4
201009,63.4,0.1
201010,48.8,-2.4
201011,43.3,1.8
201012,30.8,-5.2
201101,32.1,-2.3
201102,38.3,1.2
201103,45.4,1.6
201104,54.4,2.9
201105,58.5,-1.0
201106,70.2,3.4
201107,72.6,2.8
201108,71.1,2.2
201109,61.0,-2.3
201110,46.9,-4.3
201111,44.3,2.8
201112,37.8,1.8
201201,38.9,4.5
201202,42.6,5.5
201203,54.0,10.2
201204,53.6,2.1
201205,62.3,2.8
201206,66.3,-0.5
201207,71.8,2.0
201208,69.4,0.5
201209,63.3,0.0
201210,49.8,-1.4
201211,38.2,-3.3
201212,41.1,5.1
201301,39.8,5.4
201302,38.5,1.4
201303,38.0,-5.8
201304,50.2,-1.3
201305,58.1,-1.4
201306,68.7,1.9
201307,69.0,-0.8
201308,69.3,0.4
201309,65.1,1.8
201310,54.5,3.3
201311,39.7,-1.8
201312,36.6,0.6
201401,25.7,-8.7
201402,35.8,-1.3
201403,39.0,-4.8
201404,50.7,-0.8
201405,59.4,-0.1
201406,69.2,2.4
201407,67.2,-2.6
201408,69.1,0.2
201409,65.8,2.5
201410,53.6,2.4
201411,36.6,-4.9
201412,40.7,4.7
201501,32.9,-1.5
201502,31.0,-6.1
201503,47.4,3.6
201504,57.0,5.5
201505,61.3,1.8
201506,69.1,2.3
201507,72.6,2.8
201508,68.5,-0.4
201509,64.2,0.9
201510,54.3,3.1
201511,49.3,7.8
201512,46.5,10.5
201601,33.1,-1.3
201602,39.2,2.1
201603,48.9,5.1
201604,53.9,2.4
201605,59.4,-0.1
201606,69.5,2.7
201607,72.2,2.4
201608,72.6,3.7
201609,67.0,3.7
201610,54.4,3.2
201611,44.0,2.5
201612,39.3,3.3
201701,43.3,8.9
201702,45.1,8.0
201703,48.6,4.8
201704,55.0,3.5
201705,59.0,-0.5
201706,67.7,0.9
201707,71.6,1.8
201708,70.5,1.6
201709,63.3,0.0
201710,53.6,2.4
201711,44.8,3.3
201712,37.0,1.0
201801,29.0,-5.4
201802,46.7,9.6
201803,45.3,1.5
201804,46.0,-5.5
201805,63.7,4.2
201806,70.3,3.5
201807,71.7,1.9
201808,69.8,0.9
201809,69.6,6.3
201810,56.5,5.3
201811,40.7,-0.8
201812,39.7,3.7
201901,36.5,2.1
201902,44.9,7.8
201903,42.4,-1.4
