Missouri, Minimum Temperature
Units: Degrees Fahrenheit
Base Period: 1901-2000
Missing: -99
Date,Value,Anomaly
198001,22.4,2.8
198002,18.3,-4.9
198003,29.1,-3.2
198004,41.5,-1.4
198005,52.1,-0.6
198006,62.3,0.5
198007,70.0,3.9
198008,67.9,3.7
198009,58.3,2.1
198010,40.4,-4.2
198011,32.5,-0.3
198012,24.5,1.0
198101,19.6,0.0
198102,23.3,0.1
198103,32.9,0.6
198104,49.6,6.7
198105,49.4,-3.3
198106,63.8,2.0
198107,68.4,2.3
198108,63.1,-1.1
198109,54.9,-1.3
198110,44.1,-0.5
198111,35.6,2.8
198112,21.8,-1.7
198201,11.8,-7.8
198202,19.6,-3.6
198203,33.3,1.0
198204,39.0,-3.9
198205,56.2,3.5
198206,58.3,-3.5
198207,67.3,1.2
198208,63.9,-0.3
198209,55.6,-0.6
198210,43.1,-1.5
198211,34.3,1.5
198212,30.2,6.7
198301,24.0,4.4
198302,27.6,4.4
198303,34.6,2.3
198304,38.9,-4.0
198305,49.8,-2.9
198306,60.3,-1.5
198307,67.6,1.5
198308,68.3,4.1
198309,56.2,0.0
198310,46.9,2.3
198311,37.0,4.2
198312,10.6,-12.9
198401,16.8,-2.8
198402,28.8,5.6
198403,29.5,-2.8
198404,42.7,-0.2
198405,49.6,-3.1
198406,63.8,2.0
198407,63.2,-2.9
198408,63.5,-0.7
198409,54.2,-2.0
198410,48.2,3.6
198411,32.7,-0.1
198412,28.7,5.2
198501,12.0,-7.6
198502,18.4,-4.8
198503,37.3,5.0
198504,47.0,4.1
198505,54.1,1.4
198506,59.5,-2.3
198507,64.8,-1.3
198508,63.0,-1.2
198509,57.2,1.0
198510,47.4,2.8
198511,33.6,0.8
198512,15.2,-8.3
198601,21.8,2.2
198602,24.9,1.7
198603,35.2,2.9
198604,46.0,3.1
198605,55.3,2.6
198606,64.8,3.0
198607,69.1,3.0
198608,60.4,-3.8
198609,60.7,4.5
198610,46.7,2.1
198611,30.9,-1.9
198612,26.4,2.9
198701,22.0,2.4
198702,29.4,6.2
198703,36.2,3.9
198704,42.6,-0.3
198705,57.8,5.1
198706,63.8,2.0
198707,67.6,1.5
198708,65.6,1.4
198709,54.9,-1.3
198710,38.4,-6.2
198711,37.4,4.6
198712,27.6,4.1
198801,17.7,-1.9
198802,18.8,-4.4
198803,31.8,-0.5
198804,40.8,-2.1
198805,52.5,-0.2
198806,60.8,-1.0
198807,66.1,0.0
198808,66.4,2.2
198809,56.1,-0.1
198810,39.3,-5.3
198811,33.6,0.8
198812,23.5,0.0
198901,27.7,8.1
198902,16.3,-6.9
198903,32.2,-0.1
198904,43.5,0.6
198905,49.9,-2.8
198906,59.9,-1.9
198907,65.9,-0.2
198908,63.6,-0.6
198909,52.7,-3.5
198910,44.9,0.3
198911,31.5,-1.3
198912,11.1,-12.4
199001,27.9,8.3
199002,28.7,5.5
199003,36.7,4.4
199004,41.6,-1.3
199005,50.6,-2.1
199006,63.4,1.6
199007,65.9,-0.2
199008,64.1,-0.1
199009,58.9,2.7
199010,41.3,-3.3
199011,37.9,5.1
199012,22.7,-0.8
199101,18.8,-0.8
199102,27.8,4.6
199103,36.2,3.9
199104,46.7,3.8
199105,59.2,6.5
199106,64.6,2.8
199107,66.1,0.0
199108,63.5,-0.7
199109,56.2,0.0
199110,44.8,0.2
199111,29.5,-3.3
199112,28.4,4.9
199201,26.2,6.6
199202,31.0,7.8
199203,35.4,3.1
199204,42.9,0.0
199205,50.4,-2.3
199206,58.9,-2.9
199207,65.5,-0.6
199208,58.7,-5.5
199209,54.2,-2.0
199210,43.0,-1.6
199211,35.1,2.3
199212,25.4,1.9
199301,21.1,1.5
199302,21.1,-2.1
199303,31.2,-1.1
199304,41.0,-1.9
199305,52.7,0.0
199306,61.7,-0.1
199307,68.9,2.8
199308,66.8,2.6
199309,52.7,-3.5
199310,42.2,-2.4
199311,31.0,-1.8
199312,26.3,2.8
199401,18.0,-1.6
199402,21.9,-1.3
199403,33.0,0.7
199404,43.2,0.3
199405,50.2,-2.5
199406,64.5,2.7
199407,64.1,-2.0
199408,61.6,-2.6
199409,54.0,-2.2
199410,46.5,1.9
199411,38.4,5.6
199412,29.5,6.0
199501,20.8,1.2
199502,24.8,1.6
199503,34.3,2.0
199504,41.4,-1.5
199505,51.5,-1.2
199506,61.4,-0.4
199507,66.2,0.1
199508,68.7,4.5
199509,53.3,-2.9
199510,43.7,-0.9
199511,28.6,-4.2
199512,24.4,0.9
199601,17.6,-2.0
199602,23.3,0.1
199603,26.4,-5.9
199604,39.6,-3.3
199605,55.6,2.9
199606,62.4,0.6
199607,64.4,-1.7
199608,64.2,0.0
199609,53.6,-2.6
199610,44.4,-0.2
199611,30.3,-2.5
199612,24.2,0.7
199701,16.0,-3.6
199702,29.5,6.3
199703,34.3,2.0
199704,38.6,-4.3
199705,47.3,-5.4
199706,61.5,-0.3
199707,66.3,0.2
199708,63.1,-1.1
199709,57.0,0.8
199710,45.6,1.0
199711,33.1,0.3
199712,27.4,3.9
199801,27.7,8.1
199802,33.1,9.9
199803,32.8,0.5
199804,43.1,0.2
199805,58.1,5.4
199806,63.2,1.4
199807,68.8,2.7
199808,66.3,2.1
199809,62.0,5.8
199810,47.0,2.4
199811,38.3,5.5
199812,26.5,3.0
199901,22.1,2.5
199902,32.6,9.4
199903,31.4,-0.9
199904,47.0,4.1
199905,52.4,-0.3
199906,62.7,0.9
199907,69.0,2.9
199908,63.0,-1.2
199909,52.6,-3.6
199910,42.6,-2.0
199911,38.6,5.8
199912,26.8,3.3
200001,23.0,3.4
200002,31.5,8.3
200003,36.7,4.4
200004,41.4,-1.5
200005,56.0,3.3
200006,61.0,-0.8
200007,66.4,0.3
200008,68.2,4.0
200009,55.3,-0.9
200010,48.4,3.8
200011,30.4,-2.4
200012,12.1,-11.4
200101,20.3,0.7
200102,24.2,1.0
200103,29.2,-3.1
200104,48.8,5.9
200105,54.9,2.2
200106,61.2,-0.6
200107,68.9,2.8
200108,65.8,1.6
200109,54.4,-1.8
200110,43.7,-0.9
200111,39.7,6.9
200112,28.7,5.2
200201,24.3,4.7
200202,26.5,3.3
200203,28.7,-3.6
200204,45.6,2.7
200205,50.1,-2.6
200206,64.0,2.2
200207,68.1,2.0
200208,65.9,1.7
200209,58.2,2.0
200210,42.9,-1.7
200211,31.4,-1.4
200212,25.5,2.0
200301,17.6,-2.0
200302,21.8,-1.4
200303,32.7,0.4
200304,44.9,2.0
200305,52.4,-0.3
200306,58.4,-3.4
200307,66.8,0.7
200308,66.8,2.6
200309,53.0,-3.2
200310,44.8,0.2
200311,36.8,4.0
200312,27.7,4.2
200401,20.4,0.8
200402,22.8,-0.4
200403,37.8,5.5
200404,44.7,1.8
200405,56.6,3.9
200406,60.6,-1.2
200407,64.6,-1.5
200408,59.9,-4.3
200409,55.7,-0.5
200410,47.8,3.2
200411,39.4,6.6
200412,24.5,1.0
200501,25.4,5.8
200502,30.7,7.5
200503,31.7,-0.6
200504,45.4,2.5
200505,50.3,-2.4
200506,63.6,1.8
200507,66.2,0.1
200508,67.1,2.9
200509,60.4,4.2
200510,44.9,0.3
200511,35.7,2.9
200512,22.3,-1.2
200601,31.0,11.4
200602,22.3,-0.9
200603,34.7,2.4
200604,47.9,5.0
200605,53.9,1.2
200606,61.9,0.1
200607,67.5,1.4
200608,67.3,3.1
200609,53.1,-3.1
200610,42.2,-2.4
200611,35.8,3.0
200612,28.5,5.0
200701,22.7,3.1
200702,19.8,-3.4
200703,41.5,9.2
200704,40.7,-2.2
200705,57.6,4.9
200706,63.1,1.3
200707,65.1,-1.0
200708,69.4,5.2
200709,58.7,2.5
200710,48.4,3.8
200711,33.5,0.7
200712,24.6,1.1
200801,20.0,0.4
200802,22.2,-1.0
200803,31.6,-0.7
200804,41.3,-1.6
200805,51.1,-1.6
200806,63.4,1.6
200807,66.4,0.3
200808,63.3,-0.9
200809,56.8,0.6
200810,43.8,-0.8
200811,33.6,0.8
200812,20.2,-3.3
200901,17.3,-2.3
200902,26.9,3.7
200903,35.2,2.9
200904,42.7,-0.2
200905,53.3,0.6
200906,64.2,2.4
200907,62.6,-3.5
200908,61.9,-2.3
200909,56.5,0.3
200910,41.8,-2.8
200911,39.7,6.9
200912,22.4,-1.1
201001,17.8,-1.8
201002,19.7,-3.5
201003,34.8,2.5
201004,48.1,5.2
201005,54.2,1.5
201006,66.9,5.1
201007,69.3,3.2
201008,67.2,3.0
201009,57.7,1.5
201010,44.1,-0.5
201011,34.7,1.9
201012,21.2,-2.3
201101,17.2,-2.4
201102,23.3,0.1
201103,35.2,2.9
201104,45.2,2.3
201105,52.4,-0.3
201106,65.2,3.4
201107,71.8,5.7
201108,66.4,2.2
201109,52.8,-3.4
201110,43.6,-1.0
201111,37.8,5.0
201112,28.2,4.7
201201,25.0,5.4
201202,30.1,6.9
201203,46.3,14.0
201204,46.9,4.0
201205,57.2,4.5
201206,61.9,0.1
201207,70.3,4.2
201208,62.4,-1.8
201209,55.4,-0.8
201210,43.0,-1.6
201211,32.8,0.0
201212,29.2,5.7
201301,23.6,4.0
201302,24.9,1.7
201303,29.0,-3.3
201304,40.7,-2.2
201305,52.6,-0.1
201306,62.8,1.0
201307,64.1,-2.0
201308,64.3,0.1
201309,58.6,2.4
201310,44.4,-0.2
201311,31.3,-1.5
201312,20.3,-3.2
201401,13.8,-5.8
201402,16.2,-7.0
201403,26.3,-6.0
201404,42.9,0.0
201405,54.1,1.4
201406,64.6,2.8
201407,61.6,-4.5
201408,65.9,1.7
201409,55.8,-0.4
201410,46.3,1.7
201411,27.6,-5.2
201412,30.2,6.7
201501,20.7,1.1
201502,15.7,-7.5
201503,32.8,0.5
201504,46.2,3.3
201505,54.8,2.1
201506,65.2,3.4
201507,68.2,2.1
201508,62.8,-1.4
201509,60.3,4.1
201510,45.8,1.2
201511,38.5,5.7
201512,33.2,9.7
201601,21.7,2.1
201602,28.5,5.3
201603,39.1,6.8
201604,45.5,2.6
201605,51.7,-1.0
201606,65.7,3.9
201607,68.4,2.3
201608,67.2,3.0
201609,60.6,4.4
201610,50.6,6.0
201611,39.3,6.5
201612,22.9,-0.6
201701,26.7,7.1
201702,33.0,9.8
201703,37.5,5.2
201704,47.7,4.8
201705,52.6,-0.1
201706,62.0,0.2
201707,67.9,1.8
201708,61.3,-2.9
201709,57.9,1.7
201710,47.2,2.6
201711,35.1,2.3
201712,24.4,0.9
201801,17.6,-2.0
201802,24.9,1.7
201803,34.0,1.7
201804,36.1,-6.8
201805,60.9,8.2
201806,66.6,4.8
201807,66.8,0.7
201808,65.8,1.6
201809,61.0,4.8
201810,45.7,1.1
201811,28.5,-4.3
201812,28.0,4.5
201901,22.9,3.3
201902,23.7,0.5
201903,31.2,-1.1
