Nebraska, Minimum Temperature
Units: Degrees Fahrenheit
Base Period: 1901-2000
Missing: -99
Date,Value,Anomaly
198001,12.3,1.7
198002,14.0,-0.8
198003,21.8,-1.7
198004,34.9,0.4
198005,45.4,0.0
198006,57.4,2.1
198007,63.2,2.3
198008,60.0,1.1
198009,49.2,0.5
198010,34.3,-2.3
198011,26.0,2.4
198012,18.3,4.1
198101,15.6,5.0
198102,15.8,1.0
198103,26.3,2.8
198104,41.4,6.9
198105,44.0,-1.4
198106,56.2,0.9
198107,62.4,1.5
198108,58.5,-0.4
198109,48.8,0.1
198110,37.0,0.4
198111,28.2,4.6
198112,16.2,2.0
198201,3.0,-7.6
198202,13.0,-1.8
198203,24.2,0.7
198204,31.2,-3.3
198205,47.1,1.7
198206,51.7,-3.6
198207,61.7,0.8
198208,60.8,1.9
198209,49.3,0.6
198210,36.7,0.1
198211,22.1,-1.5
198212,17.4,3.2
198301,19.0,8.4
198302,22.4,7.6
198303,27.2,3.7
198304,31.4,-3.1
198305,41.6,-3.8
198306,54.9,-0.4
198307,62.6,1.7
198308,64.9,6.0
198309,49.5,0.8
198310,39.2,2.6
198311,26.8,3.2
198312,-1.0,-15.2
198401,13.2,2.6
198402,22.3,7.5
198403,23.3,-0.2
198404,33.9,-0.6
198405,45.1,-0.3
198406,56.2,0.9
198407,60.8,-0.1
198408,60.9,2.0
198409,45.3,-3.4
198410,37.4,0.8
198411,25.0,1.4
198412,13.0,-1.2
198501,8.4,-2.2
198502,11.7,-3.1
198503,26.7,3.2
198504,38.2,3.7
198505,48.4,3.0
198506,51.9,-3.4
198507,60.8,-0.1
198508,57.0,-1.9
198509,49.1,0.4
198510,36.4,-0.2
198511,15.8,-7.8
198512,8.5,-5.7
198601,19.4,8.8
198602,16.0,1.2
198603,30.9,7.4
198604,36.1,1.6
198605,46.1,0.7
198606,58.8,3.5
198607,62.1,1.2
198608,57.2,-1.7
198609,51.4,2.7
198610,38.6,2.0
198611,21.8,-1.8
198612,18.0,3.8
198701,16.9,6.3
198702,24.0,9.2
198703,25.6,2.1
198704,36.4,1.9
198705,51.0,5.6
198706,57.1,1.8
198707,61.9,1.0
198708,57.6,-1.3
198709,47.0,-1.7
198710,31.9,-4.7
198711,29.1,5.5
198712,18.3,4.1
198801,6.0,-4.6
198802,13.4,-1.4
198803,24.6,1.1
198804,32.8,-1.7
198805,48.9,3.5
198806,60.3,5.0
198807,60.9,0.0
198808,59.7,0.8
198809,48.5,-0.2
198810,34.5,-2.1
198811,26.2,2.6
198812,17.6,3.4
198901,17.6,7.0
198902,6.0,-8.8
198903,22.0,-1.5
198904,35.3,0.8
198905,44.9,-0.5
198906,52.5,-2.8
198907,62.0,1.1
198908,59.4,0.5
198909,47.7,-1.0
198910,36.2,-0.4
198911,23.3,-0.3
198912,7.4,-6.8
199001,19.3,8.7
199002,18.0,3.2
199003,27.8,4.3
199004,34.4,-0.1
199005,43.8,-1.6
199006,57.4,2.1
199007,59.6,-1.3
199008,59.5,0.6
199009,52.1,3.4
199010,35.4,-1.2
199011,26.9,3.3
199012,9.3,-4.9
199101,8.6,-2.0
199102,22.4,7.6
199103,26.5,3.0
199104,37.6,3.1
199105,49.5,4.1
199106,60.0,4.7
199107,60.6,-0.3
199108,59.6,0.7
199109,49.2,0.5
199110,34.2,-2.4
199111,20.7,-2.9
199112,20.8,6.6
199201,20.5,9.9
199202,25.4,10.6
199203,29.4,5.9
199204,34.8,0.3
199205,44.8,-0.6
199206,53.6,-1.7
199207,56.5,-4.4
199208,55.0,-3.9
199209,48.0,-0.7
199210,36.6,0.0
199211,24.4,0.8
199212,12.6,-1.6
199301,8.7,-1.9
199302,9.8,-5.0
199303,25.6,2.1
199304,34.4,-0.1
199305,45.7,0.3
199306,53.3,-2.0
199307,59.9,-1.0
199308,59.3,0.4
199309,44.6,-4.1
199310,35.6,-1.0
199311,20.1,-3.5
199312,19.8,5.6
199401,11.2,0.6
199402,9.7,-5.1
199403,26.3,2.8
199404,33.8,-0.7
199405,48.1,2.7
199406,58.2,2.9
199407,57.7,-3.2
199408,58.5,-0.4
199409,50.1,1.4
199410,39.7,3.1
199411,26.8,3.2
199412,18.4,4.2
199501,13.8,3.2
199502,20.6,5.8
199503,25.3,1.8
199504,31.8,-2.7
199505,42.8,-2.6
199506,54.6,-0.7
199507,59.7,-1.2
199508,62.9,4.0
199509,48.0,-0.7
199510,35.8,-0.8
199511,23.0,-0.6
199512,16.6,2.4
199601,7.1,-3.5
199602,16.1,1.3
199603,17.5,-6.0
199604,32.5,-2.0
199605,46.4,1.0
199606,57.1,1.8
199607,59.4,-1.5
199608,58.9,0.0
199609,48.9,0.2
199610,36.6,0.0
199611,20.5,-3.1
199612,11.9,-2.3
199701,9.5,-1.1
199702,19.6,4.8
199703,25.2,1.7
199704,30.4,-4.1
199705,41.7,-3.7
199706,56.6,1.3
199707,61.3,0.4
199708,59.2,0.3
199709,51.9,3.2
199710,38.4,1.8
199711,23.1,-0.5
199712,20.4,6.2
199801,15.8,5.2
199802,26.2,11.4
199803,22.3,-1.2
199804,34.8,0.3
199805,48.3,2.9
199806,52.5,-2.8
199807,63.8,2.9
199808,61.1,2.2
199809,54.4,5.7
199810,40.0,3.4
199811,30.2,6.6
199812,16.0,1.8
199901,15.1,4.5
199902,24.0,9.2
199903,26.3,2.8
199904,36.2,1.7
199905,45.8,0.4
199906,55.6,0.3
199907,63.5,2.6
199908,59.2,0.3
199909,46.0,-2.7
199910,34.9,-1.7
199911,29.2,5.6
199912,20.2,6.0
200001,16.4,5.8
200002,22.3,7.5
200003,29.3,5.8
200004,33.6,-0.9
200005,48.0,2.6
200006,53.1,-2.2
200007,62.2,1.3
200008,62.6,3.7
200009,49.1,0.4
200010,39.6,3.0
200011,18.0,-5.6
200012,8.7,-5.5
200101,16.6,6.0
200102,12.8,-2.0
200103,25.4,1.9
200104,37.7,3.2
200105,47.6,2.2
200106,55.1,-0.2
200107,64.9,4.0
200108,60.4,1.5
200109,50.3,1.6
200110,36.6,0.0
200111,30.0,6.4
200112,18.8,4.6
200201,16.9,6.3
200202,17.8,3.0
200203,17.9,-5.6
200204,35.6,1.1
200205,42.1,-3.3
200206,59.9,4.6
200207,64.0,3.1
200208,59.8,0.9
200209,50.9,2.2
200210,33.5,-3.1
200211,25.1,1.5
200212,19.0,4.8
200301,14.5,3.9
200302,13.6,-1.2
200303,25.4,1.9
200304,38.0,3.5
200305,45.2,-0.2
200306,54.0,-1.3
200307,62.0,1.1
200308,61.6,2.7
200309,46.1,-2.6
200310,38.9,2.3
200311,23.6,0.0
200312,20.3,6.1
200401,12.4,1.8
200402,15.2,0.4
200403,30.5,7.0
200404,35.9,1.4
200405,46.9,1.5
200406,52.7,-2.6
200407,59.2,-1.7
200408,55.0,-3.9
200409,52.4,3.7
200410,40.0,3.4
200411,27.6,4.0
200412,18.9,4.7
200501,13.4,2.8
200502,22.2,7.4
200503,26.1,2.6
200504,37.2,2.7
200505,44.2,-1.2
200506,58.4,3.1
200507,61.9,1.0
200508,59.6,0.7
200509,52.8,4.1
200510,37.6,1.0
200511,27.4,3.8
200512,14.7,0.5
200601,24.1,13.5
200602,15.1,0.3
200603,25.4,1.9
200604,38.7,4.2
200605,46.6,1.2
200606,57.7,2.4
200607,63.4,2.5
200608,60.5,1.6
200609,45.9,-2.8
200610,35.0,-1.6
200611,24.1,0.5
200612,18.4,4.2
200701,11.4,0.8
200702,13.3,-1.5
200703,32.8,9.3
200704,34.5,0.0
200705,49.4,4.0
200706,56.7,1.4
200707,63.4,2.5
200708,63.8,4.9
200709,50.8,2.1
200710,40.2,3.6
200711,24.8,1.2
200712,12.0,-2.2
200801,10.3,-0.3
200802,14.6,-0.2
200803,24.4,0.9
200804,31.6,-2.9
200805,43.3,-2.1
200806,54.4,-0.9
200807,61.6,0.7
200808,59.0,0.1
200809,48.7,0.0
200810,37.3,0.7
200811,27.5,3.9
200812,9.5,-4.7
200901,13.0,2.4
200902,19.2,4.4
200903,23.4,-0.1
200904,33.7,-0.8
200905,45.9,0.5
200906,55.3,0.0
200907,57.8,-3.1
200908,56.5,-2.4
200909,49.3,0.6
200910,32.7,-3.9
200911,28.9,5.3
200912,9.1,-5.1
201001,12.8,2.2
201002,13.5,-1.3
201003,29.3,5.8
201004,38.8,4.3
201005,44.3,-1.1
201006,57.5,2.2
201007,62.5,1.6
201008,61.6,2.7
201009,48.7,0.0
201010,38.9,2.3
201011,24.3,0.7
201012,15.0,0.8
201101,9.7,-0.9
201102,12.6,-2.2
201103,25.7,2.2
201104,35.7,1.2
201105,43.8,-1.6
201106,55.6,0.3
201107,65.9,5.0
201108,61.6,2.7
201109,45.6,-3.1
201110,38.3,1.7
201111,24.1,0.5
201112,16.9,2.7
201201,16.5,5.9
201202,17.9,3.1
201203,35.3,11.8
201204,40.1,5.6
201205,47.5,2.1
201206,58.9,3.6
201207,64.8,3.9
201208,57.4,-1.5
201209,46.6,-2.1
201210,34.2,-2.4
201211,25.3,1.7
201212,15.4,1.2
201301,13.9,3.3
201302,17.6,2.8
201303,22.3,-1.2
201304,29.7,-4.8
201305,45.7,0.3
201306,55.6,0.3
201307,60.5,-0.4
201308,61.9,3.0
201309,54.5,5.8
201310,36.7,0.1
201311,23.3,-0.3
201312,10.4,-3.8
201401,12.2,1.6
201402,9.8,-5.0
201403,21.4,-2.1
201404,34.5,0.0
201405,45.2,-0.2
201406,55.8,0.5
201407,58.1,-2.8
201408,59.9,1.0
201409,49.7,1.0
201410,38.4,1.8
201411,18.8,-4.8
201412,18.4,4.2
201501,14.9,4.3
201502,13.5,-1.3
201503,26.5,3.0
201504,37.1,2.6
201505,45.4,0.0
201506,58.2,2.9
201507,60.6,-0.3
201508,58.0,-0.9
201509,55.3,6.6
201510,41.2,4.6
201511,28.3,4.7
201512,20.3,6.1
201601,16.4,5.8
201602,23.9,9.1
201603,29.2,5.7
201604,37.6,3.1
201605,44.6,-0.8
201606,59.2,3.9
201607,61.8,0.9
201608,59.5,0.6
201609,51.7,3.0
201610,40.6,4.0
201611,30.9,7.3
201612,12.0,-2.2
201701,15.4,4.8
201702,22.4,7.6
201703,29.4,5.9
201704,37.4,2.9
201705,44.3,-1.1
201706,56.4,1.1
201707,63.1,2.2
201708,56.4,-2.5
201709,51.3,2.6
201710,37.5,0.9
201711,26.9,3.3
201712,15.2,1.0
201801,11.9,1.3
201802,10.3,-4.5
201803,26.3,2.8
201804,28.0,-6.5
201805,51.0,5.6
201806,59.8,4.5
201807,61.7,0.8
201808,58.3,-0.6
201809,53.9,5.2
201810,35.1,-1.5
201811,21.9,-1.7
201812,18.2,4.0
201901,16.1,5.5
201902,7.1,-7.7
201903,22.5,-1.0
