Rhode Island, Minimum Temperature
Units: Degrees Fahrenheit
Base Period: 1901-2000
Missing: -99
Date,Value,Anomaly
198001,20.8,2.2
198002,16.6,-2.4
198003,26.8,-0.4
198004,38.7,2.9
198005,47.5,2.0
198006,52.5,-2.0
198007,62.2,1.5
198008,62.5,3.4
198009,52.5,0.4
198010,39.7,-2.0
198011,30.4,-2.4
198012,16.8,-5.9
198101,9.5,-9.1
198102,25.4,6.4
198103,27.6,0.4
198104,39.2,3.4
198105,46.4,0.9
198106,56.8,2.3
198107,62.3,1.6
198108,57.8,-1.3
198109,50.9,-1.2
198110,39.6,-2.1
198111,33.3,0.5
198112,23.8,1.1
198201,10.4,-8.2
198202,21.9,2.9
198203,26.7,-0.5
198204,33.2,-2.6
198205,46.5,1.0
198206,53.2,-1.3
198207,60.8,0.1
198208,57.0,-2.1
198209,52.3,0.2
198210,40.8,-0.9
198211,36.7,3.9
198212,28.6,5.9
198301,20.9,2.3
198302,22.4,3.4
198303,31.7,4.5
198304,38.1,2.3
198305,45.5,0.0
198306,56.0,1.5
198307,61.6,0.9
198308,61.1,2.0
198309,53.9,1.8
198310,43.0,1.3
198311,35.1,2.3
198312,22.4,-0.3
198401,16.8,-1.8
198402,27.3,8.3
198403,24.1,-3.1
198404,36.9,1.1
198405,45.6,0.1
198406,57.4,2.9
198407,61.3,0.6
198408,63.0,3.9
198409,49.1,-3.0
198410,45.2,3.5
198411,33.1,0.3
198412,28.0,5.3
198501,14.3,-4.3
198502,21.4,2.4
198503,28.6,1.4
198504,38.2,2.4
198505,46.5,1.0
198506,52.8,-1.7
198507,60.8,0.1
198508,60.2,1.1
198509,53.1,1.0
198510,42.0,0.3
198511,37.0,4.2
198512,20.7,-2.0
198601,20.2,1.6
198602,20.5,1.5
198603,27.8,0.6
198604,38.5,2.7
198605,46.8,1.3
198606,53.2,-1.3
198607,60.5,-0.2
198608,58.4,-0.7
198609,50.7,-1.4
198610,41.4,-0.3
198611,30.6,-2.2
198612,26.1,3.4
198701,18.8,0.2
198702,17.6,-1.4
198703,29.0,1.8
198704,38.3,2.5
198705,46.0,0.5
198706,56.5,2.0
198707,61.5,0.8
198708,57.4,-1.7
198709,53.3,1.2
198710,38.8,-2.9
198711,31.9,-0.9
198712,25.5,2.8
198801,15.4,-3.2
198802,21.4,2.4
198803,27.9,0.7
198804,37.1,1.3
198805,46.8,1.3
198806,53.5,-1.0
198807,63.2,2.5
198808,63.9,4.8
198809,50.2,-1.9
198810,37.7,-4.0
198811,33.3,0.5
198812,21.9,-0.8
198901,22.7,4.1
198902,19.9,0.9
198903,27.1,-0.1
198904,34.8,-1.0
198905,47.4,1.9
198906,57.7,3.2
198907,60.6,-0.1
198908,61.1,2.0
198909,53.4,1.3
198910,41.6,-0.1
198911,32.0,-0.8
198912,10.6,-12.1
199001,27.1,8.5
199002,23.3,4.3
199003,28.4,1.2
199004,37.4,1.6
199005,44.6,-0.9
199006,55.7,1.2
199007,62.7,2.0
199008,63.1,4.0
199009,51.7,-0.4
199010,46.8,5.1
199011,34.7,1.9
199012,29.2,6.5
199101,18.9,0.3
199102,24.0,5.0
199103,30.7,3.5
199104,38.9,3.1
199105,49.6,4.1
199106,55.5,1.0
199107,60.9,0.2
199108,61.8,2.7
199109,51.0,-1.1
199110,44.4,2.7
199111,35.9,3.1
199112,25.7,3.0
199201,20.3,1.7
199202,21.9,2.9
199203,25.8,-1.4
199204,34.5,-1.3
199205,44.1,-1.4
199206,54.2,-0.3
199207,58.5,-2.2
199208,59.0,-0.1
199209,52.6,0.5
199210,39.8,-1.9
199211,33.5,0.7
199212,25.1,2.4
199301,22.4,3.8
199302,15.0,-4.0
199303,25.8,-1.4
199304,38.0,2.2
199305,47.9,2.4
199306,55.6,1.1
199307,61.2,0.5
199308,61.2,2.1
199309,53.9,1.8
199310,40.2,-1.5
199311,32.2,-0.6
199312,24.2,1.5
199401,11.5,-7.1
199402,15.7,-3.3
199403,27.8,0.6
199404,37.9,2.1
199405,44.4,-1.1
199406,58.1,3.6
199407,66.2,5.5
199408,59.3,0.2
199409,52.4,0.3
199410,40.8,-0.9
199411,36.9,4.1
199412,28.0,5.3
199501,26.8,8.2
199502,18.5,-0.5
199503,31.1,3.9
199504,35.6,-0.2
199505,45.3,-0.2
199506,55.9,1.4
199507,64.3,3.6
199508,59.6,0.5
199509,50.9,-1.2
199510,44.9,3.2
199511,31.6,-1.2
199512,20.6,-2.1
199601,19.1,0.5
199602,19.9,0.9
199603,24.1,-3.1
199604,37.5,1.7
199605,45.0,-0.5
199606,57.2,2.7
199607,61.0,0.3
199608,61.1,2.0
199609,54.5,2.4
199610,40.9,-0.8
199611,30.2,-2.6
199612,30.6,7.9
199701,19.6,1.0
199702,27.1,8.1
199703,28.1,0.9
199704,35.6,-0.2
199705,44.3,-1.2
199706,54.8,0.3
199707,60.5,-0.2
199708,59.4,0.3
199709,53.0,0.9
199710,40.4,-1.3
199711,32.4,-0.4
199712,25.0,2.3
199801,27.1,8.5
199802,28.2,9.2
199803,31.3,4.1
199804,38.4,2.6
199805,49.2,3.7
199806,56.8,2.3
199807,62.0,1.3
199808,61.7,2.6
199809,54.2,2.1
199810,43.0,1.3
199811,33.3,0.5
199812,28.5,5.8
199901,19.8,1.2
199902,24.4,5.4
199903,29.4,2.2
199904,37.2,1.4
199905,47.5,2.0
199906,57.6,3.1
199907,63.9,3.2
199908,60.8,1.7
199909,55.8,3.7
199910,40.6,-1.1
199911,37.1,4.3
199912,27.1,4.4
200001,17.3,-1.3
200002,24.6,5.6
200003,32.4,5.2
200004,37.4,1.6
200005,46.6,1.1
200006,56.4,1.9
200007,59.2,-1.5
200008,60.0,0.9
200009,51.9,-0.2
200010,41.9,0.2
200011,34.6,1.8
200012,19.5,-3.2
200101,19.4,0.8
200102,22.2,3.2
200103,28.1,0.9
200104,36.5,0.7
200105,47.8,2.3
200106,59.1,4.6
200107,57.9,-2.8
200108,63.3,4.2
200109,53.3,1.2
200110,42.7,1.0
200111,37.1,4.3
200112,30.2,7.5
200201,26.6,8.0
200202,24.8,5.8
200203,29.6,2.4
200204,39.7,3.9
200205,44.8,-0.7
200206,54.3,-0.2
200207,62.0,1.3
200208,62.3,3.2
200209,55.9,3.8
200210,42.2,0.5
200211,33.9,1.1
200212,23.8,1.1
200301,16.0,-2.6
200302,17.0,-2.0
200303,26.1,-1.1
200304,34.7,-1.1
200305,44.6,-0.9
200306,55.5,1.0
200307,62.4,1.7
200308,64.5,5.4
200309,55.4,3.3
200310,40.9,-0.8
200311,36.6,3.8
200312,26.3,3.6
200401,12.8,-5.8
200402,21.8,2.8
200403,29.6,2.4
200404,38.2,2.4
200405,48.1,2.6
200406,54.6,0.1
200407,61.5,0.8
200408,61.5,2.4
200409,54.2,2.1
200410,43.1,1.4
200411,32.9,0.1
200412,24.3,1.6
200501,18.3,-0.3
200502,21.5,2.5
200503,24.4,-2.8
200504,37.2,1.4
200505,43.3,-2.2
200506,58.0,3.5
200507,62.6,1.9
200508,63.8,4.7
200509,55.8,3.7
200510,46.9,5.2
200511,35.5,2.7
200512,23.2,0.5
200601,27.9,9.3
200602,21.9,2.9
200603,27.5,0.3
200604,37.8,2.0
200605,47.9,2.4
200606,59.1,4.6
200607,65.5,4.8
200608,60.4,1.3
200609,51.9,-0.2
200610,42.1,0.4
200611,40.0,7.2
200612,31.2,8.5
200701,25.0,6.4
200702,17.3,-1.7
200703,26.6,-0.6
200704,36.0,0.2
200705,47.2,1.7
200706,56.5,2.0
200707,61.9,1.2
200708,60.6,1.5
200709,53.9,1.8
200710,48.5,6.8
200711,31.9,-0.9
200712,23.8,1.1
200801,23.0,4.4
200802,23.1,4.1
200803,28.8,1.6
200804,38.4,2.6
200805,45.1,-0.4
200806,59.1,4.6
200807,64.9,4.2
200808,58.6,-0.5
200809,54.9,2.8
200810,40.8,-0.9
200811,33.6,0.8
200812,25.9,3.2
200901,14.9,-3.7
200902,22.5,3.5
200903,27.8,0.6
200904,39.0,3.2
200905,48.4,2.9
200906,55.7,1.2
200907,60.4,-0.3
200908,64.0,4.9
200909,51.4,-0.7
200910,41.6,-0.1
200911,40.2,7.4
200912,24.1,1.4
201001,20.5,1.9
201002,24.5,5.5
201003,34.9,7.7
201004,40.6,4.8
201005,49.8,4.3
201006,59.1,4.6
201007,64.9,4.2
201008,60.9,1.8
201009,55.6,3.5
201010,44.2,2.5
201011,34.8,2.0
201012,22.6,-0.1
201101,16.6,-2.0
201102,18.4,-0.6
201103,28.9,1.7
201104,40.6,4.8
201105,50.1,4.6
201106,56.4,1.9
201107,63.6,2.9
201108,62.0,2.9
201109,57.6,5.5
201110,46.3,4.6
201111,38.1,5.3
201112,29.9,7.2
201201,24.5,5.9
201202,26.2,7.2
201203,35.8,8.6
201204,38.8,3.0
201205,51.9,6.4
201206,56.1,1.6
201207,63.7,3.0
201208,63.0,3.9
201209,53.9,1.8
201210,46.7,5.0
201211,32.7,-0.1
201212,30.2,7.5
201301,22.0,3.4
201302,23.0,4.0
201303,29.5,2.3
201304,37.2,1.4
201305,46.8,1.3
201306,58.4,3.9
201307,68.4,7.7
201308,59.5,0.4
201309,51.5,-0.6
201310,43.5,1.8
201311,31.8,-1.0
201312,24.9,2.2
201401,16.8,-1.8
201402,18.3,-0.7
201403,22.6,-4.6
201404,37.1,1.3
201405,47.9,2.4
201406,55.6,1.1
201407,63.5,2.8
201408,58.2,-0.9
201409,53.7,1.6
201410,46.6,4.9
201411,32.4,-0.4
201412,30.6,7.9
201501,16.9,-1.7
201502,7.0,-12.0
201503,22.4,-4.8
201504,36.8,1.0
201505,49.4,3.9
201506,55.2,0.7
201507,62.7,2.0
201508,62.7,3.6
201509,56.7,4.6
201510,42.6,0.9
201511,37.8,5.0
201512,37.3,14.6
201601,22.8,4.2
201602,23.1,4.1
201603,33.6,6.4
201604,36.1,0.3
201605,47.6,2.1
201606,56.2,1.7
201607,63.7,3.0
201608,63.8,4.7
201609,57.1,5.0
201610,44.8,3.1
201611,35.5,2.7
201612,25.7,3.0
201701,27.0,8.4
201702,25.6,6.6
201703,25.4,-1.8
201704,41.8,6.0
201705,47.8,2.3
201706,56.7,2.2
201707,62.1,1.4
201708,59.8,0.7
201709,57.2,5.1
201710,49.9,8.2
201711,33.4,0.6
201712,22.5,-0.2
201801,18.8,0.2
201802,28.9,9.9
201803,29.8,2.6
201804,34.8,-1.0
201805,50.7,5.2
201806,56.2,1.7
201807,64.1,3.4
201808,66.5,7.4
201809,58.9,6.8
201810,43.8,2.1
201811,33.5,0.7
201812,27.0,4.3
201901,20.3,1.7
201902,23.6,4.6
201903,26.6,-0.6
