Texas, Minimum Temperature
Units: Degrees Fahrenheit
Base Period: 1901-2000
Missing: -99
Date,Value,Anomaly
198001,35.6,2.5
198002,34.9,-1.8
198003,41.3,-2.0
198004,47.9,-3.9
198005,60.5,0.3
198006,70.4,2.9
198007,72.4,2.1
198008,70.9,1.4
198009,66.6,2.9
198010,50.4,-2.9
198011,39.8,-2.2
198012,37.2,2.4
198101,34.1,1.0
198102,37.2,0.5
198103,44.1,0.8
198104,56.7,4.9
198105,59.1,-1.1
198106,68.4,0.9
198107,71.1,0.8
198108,68.6,-0.9
198109,62.8,-0.9
198110,55.5,2.2
198111,43.8,1.8
198112,35.5,0.7
198201,32.0,-1.1
198202,34.4,-2.3
198203,46.9,3.6
198204,52.0,0.2
198205,60.6,0.4
198206,66.6,-0.9
198207,70.9,0.6
198208,70.8,1.3
198209,63.7,0.0
198210,52.6,-0.7
198211,43.6,1.6
198212,36.6,1.8
198301,32.8,-0.3
198302,37.0,0.3
198303,42.8,-0.5
198304,47.2,-4.6
198305,57.8,-2.4
198306,64.7,-2.8
198307,70.3,0.0
198308,70.5,1.0
198309,64.0,0.3
198310,55.6,2.3
198311,45.1,3.1
198312,26.9,-7.9
198401,30.4,-2.7
198402,35.7,-1.0
198403,43.6,0.3
198404,49.8,-2.0
198405,60.6,0.4
198406,68.4,0.9
198407,69.2,-1.1
198408,69.3,-0.2
198409,61.5,-2.2
198410,55.7,2.4
198411,42.9,0.9
198412,42.6,7.8
198501,28.6,-4.5
198502,34.7,-2.0
198503,48.6,5.3
198504,54.2,2.4
198505,61.2,1.0
198506,66.5,-1.0
198507,68.7,-1.6
198508,70.2,0.7
198509,64.1,0.4
198510,56.2,2.9
198511,46.3,4.3
198512,30.7,-4.1
198601,34.3,1.2
198602,40.2,3.5
198603,45.3,2.0
198604,56.0,4.2
198605,60.6,0.4
198606,68.1,0.6
198607,70.5,0.2
198608,69.3,-0.2
198609,67.4,3.7
198610,54.1,0.8
198611,43.1,1.1
198612,36.8,2.0
198701,33.0,-0.1
198702,40.1,3.4
198703,40.2,-3.1
198704,47.1,-4.7
198705,61.0,0.8
198706,66.6,-0.9
198707,69.5,-0.8
198708,70.3,0.8
198709,62.1,-1.6
198710,51.7,-1.6
198711,42.0,0.0
198712,35.3,0.5
198801,30.2,-2.9
198802,35.2,-1.5
198803,41.7,-1.6
198804,49.0,-2.8
198805,58.4,-1.8
198806,65.8,-1.7
198807,69.8,-0.5
198808,70.1,0.6
198809,63.1,-0.6
198810,53.1,-0.2
198811,43.8,1.8
198812,35.6,0.8
198901,37.8,4.7
198902,34.8,-1.9
198903,43.3,0.0
198904,53.0,1.2
198905,63.1,2.9
198906,66.1,-1.4
198907,69.6,-0.7
198908,69.1,-0.4
198909,60.1,-3.6
198910,52.4,-0.9
198911,43.5,1.5
198912,26.6,-8.2
199001,37.2,4.1
199002,40.1,3.4
199003,46.4,3.1
199004,53.0,1.2
199005,61.0,0.8
199006,71.1,3.6
199007,68.9,-1.4
199008,68.7,-0.8
199009,65.4,1.7
199010,50.6,-2.7
199011,45.8,3.8
199012,32.9,-1.9
199101,33.6,0.5
199102,39.7,3.0
199103,45.8,2.5
199104,54.2,2.4
199105,63.0,2.8
199106,67.9,0.4
199107,69.6,-0.7
199108,69.0,-0.5
199109,62.2,-1.5
199110,53.5,0.2
199111,39.2,-2.8
199112,40.0,5.2
199201,35.7,2.6
199202,41.5,4.8
199203,46.1,2.8
199204,52.3,0.5
199205,58.9,-1.3
199206,66.5,-1.0
199207,70.2,-0.1
199208,66.3,-3.2
199209,63.7,0.0
199210,53.0,-0.3
199211,39.8,-2.2
199212,37.8,3.0
199301,35.0,1.9
199302,37.6,0.9
199303,43.4,0.1
199304,49.4,-2.4
199305,58.2,-2.0
199306,68.3,0.8
199307,72.0,1.7
199308,70.5,1.0
199309,62.0,-1.7
199310,51.4,-1.9
199311,38.2,-3.8
199312,37.1,2.3
199401,34.3,1.2
199402,36.0,-0.7
199403,45.4,2.1
199404,51.3,-0.5
199405,60.6,0.4
199406,69.9,2.4
199407,70.4,0.1
199408,69.3,-0.2
199409,61.7,-2.0
199410,55.2,1.9
199411,46.4,4.4
199412,39.6,4.8
199501,36.2,3.1
199502,39.9,3.2
199503,45.1,1.8
199504,50.3,-1.5
199505,60.9,0.7
199506,65.3,-2.2
199507,70.3,0.0
199508,70.8,1.3
199509,63.9,0.2
199510,51.6,-1.7
199511,42.5,0.5
199512,37.0,2.2
199601,30.8,-2.3
199602,38.7,2.0
199603,38.8,-4.5
199604,49.4,-2.4
199605,66.0,5.8
199606,68.8,1.3
199607,71.9,1.6
199608,69.8,0.3
199609,62.9,-0.8
199610,53.1,-0.2
199611,43.9,1.9
199612,36.4,1.6
199701,33.7,0.6
199702,38.9,2.2
199703,46.7,3.4
199704,48.1,-3.7
199705,59.0,-1.2
199706,66.4,-1.1
199707,70.8,0.5
199708,69.8,0.3
199709,65.6,1.9
199710,53.9,0.6
199711,40.8,-1.2
199712,33.2,-1.6
199801,38.1,5.0
199802,39.4,2.7
199803,42.7,-0.6
199804,48.7,-3.1
199805,63.2,3.0
199806,70.8,3.3
199807,73.6,3.3
199808,70.6,1.1
199809,68.1,4.4
199810,57.7,4.4
199811,48.1,6.1
199812,36.7,1.9
199901,36.5,3.4
199902,42.2,5.5
199903,45.7,2.4
199904,54.1,2.3
199905,60.9,0.7
199906,68.8,1.3
199907,70.6,0.3
199908,71.1,1.6
199909,62.8,-0.9
199910,51.0,-2.3
199911,44.7,2.7
199912,35.0,0.2
200001,37.3,4.2
200002,43.0,6.3
200003,48.4,5.1
200004,52.7,0.9
200005,64.6,4.4
200006,68.6,1.1
200007,71.3,1.0
200008,70.7,1.2
200009,63.4,-0.3
200010,57.0,3.7
200011,40.8,-1.2
200012,31.5,-3.3
200101,33.5,0.4
200102,40.4,3.7
200103,42.6,-0.7
200104,55.6,3.8
200105,61.8,1.6
200106,68.5,1.0
200107,72.7,2.4
200108,70.9,1.4
200109,63.1,-0.6
200110,51.7,-1.6
200111,47.9,5.9
200112,37.4,2.6
200201,35.7,2.6
200202,33.7,-3.0
200203,41.7,-1.6
200204,57.5,5.7
200205,61.4,1.2
200206,68.8,1.3
200207,70.6,0.3
200208,71.0,1.5
200209,63.9,0.2
200210,55.6,2.3
200211,41.0,-1.0
200212,36.3,1.5
200301,33.7,0.6
200302,37.3,0.6
200303,44.5,1.2
200304,52.9,1.1
200305,63.3,3.1
200306,66.9,-0.6
200307,70.5,0.2
200308,70.6,1.1
200309,62.9,-0.8
200310,55.0,1.7
200311,46.7,4.7
200312,34.8,0.0
200401,37.7,4.6
200402,36.3,-0.4
200403,50.8,7.5
200404,53.0,1.2
200405,62.0,1.8
200406,67.7,0.2
200407,69.6,-0.7
200408,67.8,-1.7
200409,63.5,-0.2
200410,59.0,5.7
200411,45.7,3.7
200412,34.8,0.0
200501,39.6,6.5
200502,42.6,5.9
200503,43.7,0.4
200504,50.3,-1.5
200505,60.1,-0.1
200506,68.1,0.6
200507,70.3,0.0
200508,69.7,0.2
200509,66.6,2.9
200510,53.7,0.4
200511,44.0,2.0
200512,33.1,-1.7
200601,37.5,4.4
200602,36.2,-0.5
200603,48.7,5.4
200604,57.0,5.2
200605,62.2,2.0
200606,67.6,0.1
200607,71.4,1.1
200608,71.7,2.2
200609,61.9,-1.8
200610,54.2,0.9
200611,44.1,2.1
200612,36.3,1.5
200701,33.0,-0.1
200702,36.5,-0.2
200703,50.0,6.7
200704,49.4,-2.4
200705,61.2,1.0
200706,67.2,-0.3
200707,69.1,-1.2
200708,71.0,1.5
200709,66.1,2.4
200710,54.6,1.3
200711,44.8,2.8
200712,35.6,0.8
200801,33.2,0.1
200802,38.0,1.3
200803,44.2,0.9
200804,50.9,-0.9
200805,61.4,1.2
200806,70.3,2.8
200807,70.1,-0.2
200808,69.8,0.3
200809,61.4,-2.3
200810,51.5,-1.8
200811,42.6,0.6
200812,34.3,-0.5
200901,32.7,-0.4
200902,40.6,3.9
200903,46.3,3.0
200904,51.1,-0.7
200905,61.5,1.3
200906,69.1,1.6
200907,71.8,1.5
200908,70.6,1.1
200909,63.2,-0.5
200910,52.7,-0.6
200911,43.6,1.6
200912,32.3,-2.5
201001,32.4,-0.7
201002,33.9,-2.8
201003,41.4,-1.9
201004,52.7,0.9
201005,61.5,1.3
201006,71.1,3.6
201007,71.8,1.5
201008,71.7,2.2
201009,66.2,2.5
201010,52.3,-1.0
201011,42.3,0.3
201012,35.4,0.6
201101,31.7,-1.4
201102,34.5,-2.2
201103,47.5,4.2
201104,54.9,3.1
201105,60.3,0.1
201106,71.4,3.9
201107,74.2,3.9
201108,74.7,5.2
201109,63.1,-0.6
201110,52.8,-0.5
201111,43.5,1.5
201112,36.5,1.7
201201,36.5,3.4
201202,40.6,3.9
201203,50.8,7.5
201204,56.6,4.8
201205,63.3,3.1
201206,69.6,2.1
201207,71.6,1.3
201208,71.0,1.5
201209,64.1,0.4
201210,53.2,-0.1
201211,44.6,2.6
201212,37.4,2.6
201301,36.4,3.3
201302,38.4,1.7
201303,42.6,-0.7
201304,48.9,-2.9
201305,59.8,-0.4
201306,69.7,2.2
201307,69.9,-0.4
201308,70.8,1.3
201309,66.2,2.5
201310,54.2,0.9
201311,41.5,-0.5
201312,32.9,-1.9
201401,30.0,-3.1
201402,35.7,-1.0
201403,40.7,-2.6
201404,51.7,-0.1
201405,59.0,-1.2
201406,69.8,2.3
201407,70.3,0.0
201408,70.6,1.1
201409,66.2,2.5
201410,56.4,3.1
201411,39.4,-2.6
201412,40.9,6.1
201501,33.3,0.2
201502,36.1,-0.6
201503,45.0,1.7
201504,55.0,3.2
201505,61.3,1.1
201506,68.6,1.1
201507,71.9,1.6
201508,70.5,1.0
201509,66.9,3.2
201510,56.8,3.5
201511,46.3,4.3
201512,38.8,4.0
201601,34.0,0.9
201602,39.7,3.0
201603,48.2,4.9
201604,53.5,1.7
201605,60.4,0.2
201606,68.9,1.4
201607,73.4,3.1
201608,70.9,1.4
201609,66.7,3.0
201610,57.7,4.4
201611,49.6,7.6
201612,38.9,4.1
201701,38.6,5.5
201702,44.8,8.1
201703,50.7,7.4
201704,54.2,2.4
201705,59.0,-1.2
201706,68.8,1.3
201707,71.6,1.3
201708,70.1,0.6
201709,64.6,0.9
201710,53.1,-0.2
201711,47.4,5.4
201712,35.9,1.1
201801,29.8,-3.3
201802,40.0,3.3
201803,48.5,5.2
201804,48.2,-3.6
201805,65.2,5.0
201806,71.9,4.4
201807,72.0,1.7
201808,71.1,1.6
201809,66.8,3.1
201810,56.2,2.9
201811,40.0,-2.0
201812,37.4,2.6
201901,35.5,2.4
201902,40.4,3.7
201903,44.1,0.8
