Utah, Minimum Temperature
Units: Degrees Fahrenheit
Base Period: 1901-2000
Missing: -99
Date,Value,Anomaly
198001,21.5,6.6
198002,23.0,3.5
198003,24.9,-1.0
198004,32.7,0.0
198005,40.4,-0.7
198006,48.1,-1.1
198007,57.4,0.6
198008,53.6,-1.5
198009,46.6,0.4
198010,34.6,-1.0
198011,25.4,0.9
198012,23.0,6.2
198101,21.4,6.5
198102,20.8,1.3
198103,27.9,2.0
198104,36.3,3.6
198105,41.4,0.3
198106,52.3,3.1
198107,58.1,1.3
198108,56.0,0.9
198109,49.6,3.4
198110,36.0,0.4
198111,28.4,3.9
198112,21.8,5.0
198201,14.7,-0.2
198202,17.6,-1.9
198203,27.6,1.7
198204,29.7,-3.0
198205,40.4,-0.7
198206,47.8,-1.4
198207,56.0,-0.8
198208,57.6,2.5
198209,48.5,2.3
198210,33.0,-2.6
198211,23.9,-0.6
198212,18.4,1.6
198301,20.2,5.3
198302,23.7,4.2
198303,29.8,3.9
198304,29.6,-3.1
198305,38.5,-2.6
198306,48.7,-0.5
198307,56.1,-0.7
198308,57.8,2.7
198309,49.0,2.8
198310,37.7,2.1
198311,26.9,2.4
198312,19.4,2.6
198401,10.4,-4.5
198402,13.1,-6.4
198403,24.3,-1.6
198404,30.1,-2.6
198405,43.4,2.3
198406,48.2,-1.0
198407,57.7,0.9
198408,56.9,1.8
198409,47.1,0.9
198410,32.9,-2.7
198411,25.1,0.6
198412,16.6,-0.2
198501,13.5,-1.4
198502,13.3,-6.2
198503,24.8,-1.1
198504,35.6,2.9
198505,43.4,2.3
198506,51.3,2.1
198507,58.7,1.9
198508,54.1,-1.0
198509,43.5,-2.7
198510,36.0,0.4
198511,24.4,-0.1
198512,16.6,-0.2
198601,20.1,5.2
198602,26.1,6.6
198603,32.1,6.2
198604,34.1,1.4
198605,40.9,-0.2
198606,52.9,3.7
198607,55.7,-1.1
198608,57.5,2.4
198609,44.1,-2.1
198610,35.1,-0.5
198611,26.6,2.1
198612,18.2,1.4
198701,14.0,-0.9
198702,22.7,3.2
198703,25.3,-0.6
198704,35.5,2.8
198705,43.6,2.5
198706,51.9,2.7
198707,55.2,-1.6
198708,54.1,-1.0
198709,46.1,-0.1
198710,39.1,3.5
198711,26.6,2.1
198712,16.6,-0.2
198801,11.5,-3.4
198802,19.1,-0.4
198803,24.4,-1.5
198804,34.2,1.5
198805,40.6,-0.5
198806,53.8,4.6
198807,58.9,2.1
198808,55.3,0.2
198809,45.1,-1.1
198810,40.8,5.2
198811,26.3,1.8
198812,14.9,-1.9
198901,9.0,-5.9
198902,14.8,-4.7
198903,30.6,4.7
198904,37.7,5.0
198905,42.2,1.1
198906,49.3,0.1
198907,59.0,2.2
198908,54.4,-0.7
198909,46.7,0.5
198910,35.6,0.0
198911,25.6,1.1
198912,17.2,0.4
199001,17.5,2.6
199002,18.4,-1.1
199003,30.1,4.2
199004,37.3,4.6
199005,40.6,-0.5
199006,51.7,2.5
199007,58.3,1.5
199008,55.2,0.1
199009,51.6,5.4
199010,35.8,0.2
199011,25.4,0.9
199012,8.4,-8.4
199101,12.2,-2.7
199102,22.4,2.9
199103,25.5,-0.4
199104,30.7,-2.0
199105,39.4,-1.7
199106,49.4,0.2
199107,57.6,0.8
199108,56.8,1.7
199109,47.5,1.3
199110,37.0,1.4
199111,25.4,0.9
199112,17.0,0.2
199201,14.1,-0.8
199202,25.0,5.5
199203,31.1,5.2
199204,38.9,6.2
199205,45.3,4.2
199206,49.8,0.6
199207,55.2,-1.6
199208,56.0,0.9
199209,47.5,1.3
199210,39.4,3.8
199211,21.4,-3.1
199212,13.5,-3.3
199301,16.7,1.8
199302,19.0,-0.5
199303,29.3,3.4
199304,32.7,0.0
199305,43.6,2.5
199306,47.2,-2.0
199307,52.9,-3.9
199308,53.5,-1.6
199309,44.9,-1.3
199310,35.9,0.3
199311,20.6,-3.9
199312,17.0,0.2
199401,19.8,4.9
199402,18.9,-0.6
199403,29.3,3.4
199404,35.2,2.5
199405,43.8,2.7
199406,53.8,4.6
199407,58.4,1.6
199408,58.6,3.5
199409,48.8,2.6
199410,35.7,0.1
199411,20.6,-3.9
199412,20.1,3.3
199501,21.2,6.3
199502,26.9,7.4
199503,28.7,2.8
199504,31.9,-0.8
199505,39.1,-2.0
199506,46.1,-3.1
199507,54.6,-2.2
199508,57.0,1.9
199509,47.7,1.5
199510,34.0,-1.6
199511,28.8,4.3
199512,21.2,4.4
199601,18.5,3.6
199602,22.5,3.0
199603,27.3,1.4
199604,32.5,-0.2
199605,42.9,1.8
199606,52.2,3.0
199607,59.2,2.4
199608,56.1,1.0
199609,45.0,-1.2
199610,34.9,-0.7
199611,26.7,2.2
199612,20.9,4.1
199701,18.2,3.3
199702,18.9,-0.6
199703,27.6,1.7
199704,30.6,-2.1
199705,43.6,2.5
199706,51.3,2.1
199707,54.8,-2.0
199708,56.8,1.7
199709,49.6,3.4
199710,34.7,-0.9
199711,26.3,1.8
199712,16.4,-0.4
199801,21.8,6.9
199802,22.7,3.2
199803,25.9,0.0
199804,31.4,-1.3
199805,40.5,-0.6
199806,45.9,-3.3
199807,59.0,2.2
199808,57.1,2.0
199809,50.0,3.8
199810,35.8,0.2
199811,27.3,2.8
199812,15.7,-1.1
199901,21.5,6.6
199902,22.3,2.8
199903,28.3,2.4
199904,30.1,-2.6
199905,39.1,-2.0
199906,49.4,0.2
199907,57.8,1.0
199908,55.5,0.4
199909,45.1,-1.1
199910,35.2,-0.4
199911,28.0,3.5
199912,17.3,0.5
200001,22.3,7.4
200002,25.9,6.4
200003,27.0,1.1
200004,36.8,4.1
200005,44.8,3.7
200006,51.8,2.6
200007,58.3,1.5
200008,58.9,3.8
200009,47.3,1.1
200010,37.6,2.0
200011,19.3,-5.2
200012,19.8,3.0
200101,16.1,1.2
200102,21.7,2.2
200103,30.1,4.2
200104,34.6,1.9
200105,44.4,3.3
200106,51.0,1.8
200107,58.2,1.4
200108,57.6,2.5
200109,49.3,3.1
200110,37.8,2.2
200111,28.0,3.5
200112,15.3,-1.5
200201,15.5,0.6
200202,15.7,-3.8
200203,23.0,-2.9
200204,35.7,3.0
200205,41.1,0.0
200206,52.4,3.2
200207,60.6,3.8
200208,55.0,-0.1
200209,47.9,1.7
200210,34.2,-1.4
200211,24.4,-0.1
200212,19.4,2.6
200301,24.0,9.1
200302,20.6,1.1
200303,28.8,2.9
200304,33.1,0.4
200305,43.2,2.1
200306,50.9,1.7
200307,61.2,4.4
200308,58.5,3.4
200309,46.8,0.6
200310,40.0,4.4
200311,24.6,0.1
200312,20.7,3.9
200401,14.1,-0.8
200402,17.9,-1.6
200403,31.9,6.0
200404,35.7,3.0
200405,43.0,1.9
200406,51.1,1.9
200407,57.3,0.5
200408,54.2,-0.9
200409,45.7,-0.5
200410,38.0,2.4
200411,25.9,1.4
200412,20.2,3.4
200501,23.9,9.0
200502,23.6,4.1
200503,27.5,1.6
200504,32.8,0.1
200505,42.4,1.3
200506,47.6,-1.6
200507,58.7,1.9
200508,54.8,-0.3
200509,46.0,-0.2
200510,37.4,1.8
200511,27.4,2.9
200512,18.2,1.4
200601,18.9,4.0
200602,18.7,-0.8
200603,25.4,-0.5
200604,34.9,2.2
200605,43.9,2.8
200606,53.0,3.8
200607,60.5,3.7
200608,55.2,0.1
200609,43.6,-2.6
200610,35.5,-0.1
200611,26.2,1.7
200612,17.4,0.6
200701,10.5,-4.4
200702,23.1,3.6
200703,29.8,3.9
200704,35.0,2.3
200705,43.1,2.0
200706,51.9,2.7
200707,61.0,4.2
200708,58.5,3.4
200709,47.3,1.1
200710,35.4,-0.2
200711,27.1,2.6
200712,15.0,-1.8
200801,12.4,-2.5
200802,19.8,0.3
200803,24.6,-1.3
200804,28.7,-4.0
200805,38.8,-2.3
200806,49.4,0.2
200807,58.9,2.1
200808,56.7,1.6
200809,46.5,0.3
200810,36.1,0.5
200811,29.6,5.1
200812,16.5,-0.3
200901,18.7,3.8
200902,22.1,2.6
200903,26.4,0.5
200904,32.2,-0.5
200905,44.6,3.5
200906,48.5,-0.7
200907,58.0,1.2
200908,54.0,-1.1
200909,49.4,3.2
200910,33.0,-2.6
200911,25.9,1.4
200912,11.2,-5.6
201001,17.3,2.4
201002,20.1,0.6
201003,26.4,0.5
201004,31.7,-1.0
201005,36.6,-4.5
201006,50.8,1.6
201007,58.0,1.2
201008,54.9,-0.2
201009,47.1,0.9
201010,39.0,3.4
201011,23.6,-0.9
201012,23.7,6.9
201101,14.8,-0.1
201102,17.3,-2.2
201103,27.9,2.0
201104,31.0,-1.7
201105,38.2,-2.9
201106,48.1,-1.1
201107,57.7,0.9
201108,57.4,2.3
201109,48.6,2.4
201110,37.0,1.4
201111,24.3,-0.2
201112,15.9,-0.9
201201,19.2,4.3
201202,20.9,1.4
201203,29.5,3.6
201204,35.6,2.9
201205,43.0,1.9
201206,52.0,2.8
201207,58.9,2.1
201208,58.6,3.5
201209,49.0,2.8
201210,37.1,1.5
201211,28.9,4.4
201212,18.4,1.6
201301,9.1,-5.8
201302,16.4,-3.1
201303,28.6,2.7
201304,32.0,-0.7
201305,41.9,0.8
201306,53.0,3.8
201307,60.2,3.4
201308,57.3,2.2
201309,49.3,3.1
201310,33.6,-2.0
201311,27.0,2.5
201312,12.5,-4.3
201401,19.1,4.2
201402,24.8,5.3
201403,28.1,2.2
201404,33.7,1.0
201405,42.7,1.6
201406,50.5,1.3
201407,60.1,3.3
201408,54.7,-0.4
201409,50.6,4.4
201410,39.5,3.9
201411,25.7,1.2
201412,22.5,5.7
201501,22.3,7.4
201502,27.0,7.5
201503,31.4,5.5
201504,33.5,0.8
201505,42.2,1.1
201506,55.1,5.9
201507,56.2,-0.6
201508,56.8,1.7
201509,51.1,4.9
201510,42.6,7.0
201511,23.3,-1.2
201512,16.7,-0.1
201601,17.1,2.2
201602,22.0,2.5
201603,29.9,4.0
201604,35.6,2.9
201605,41.5,0.4
201606,55.2,6.0
201607,58.6,1.8
201608,55.5,0.4
201609,47.3,1.1
201610,40.6,5.0
201611,29.9,5.4
201612,17.2,0.4
201701,17.1,2.2
201702,26.9,7.4
201703,32.6,6.7
201704,33.2,0.5
201705,41.5,0.4
201706,53.7,4.5
201707,60.6,3.8
201708,57.2,2.1
201709,47.5,1.3
201710,33.4,-2.2
201711,30.4,5.9
201712,18.8,2.0
201801,21.7,6.8
201802,20.5,1.0
201803,27.4,1.5
201804,35.0,2.3
201805,44.4,3.3
201806,53.2,4.0
201807,61.4,4.6
201808,58.0,2.9
201809,50.4,4.2
201810,37.0,1.4
201811,23.2,-1.3
201812,18.0,1.2
201901,17.6,2.7
201902,17.4,-2.1
201903,27.7,1.8
