Virginia, Minimum Temperature
Units: Degrees Fahrenheit
Base Period: 1901-2000
Missing: -99
Date,Value,Anomaly
198001,26.8,1.8
198002,20.9,-5.2
198003,31.4,-1.9
198004,42.7,1.0
198005,51.2,0.2
198006,56.9,-2.5
198007,64.4,0.6
198008,64.2,1.8
198009,59.2,3.3
198010,42.3,-1.7
198011,32.1,-2.1
198012,25.6,-1.3
198101,18.9,-6.1
198102,26.0,-0.1
198103,29.6,-3.7
198104,44.7,3.0
198105,48.3,-2.7
198106,62.6,3.2
198107,64.6,0.8
198108,59.8,-2.6
198109,53.4,-2.5
198110,40.6,-3.4
198111,34.0,-0.2
198112,25.2,-1.7
198201,18.8,-6.2
198202,28.2,2.1
198203,33.5,0.2
198204,38.8,-2.9
198205,53.2,2.2
198206,59.4,0.0
198207,64.4,0.6
198208,60.3,-2.1
198209,54.3,-1.6
198210,44.9,0.9
198211,36.9,2.7
198212,33.2,6.3
198301,25.7,0.7
198302,26.0,-0.1
198303,36.1,2.8
198304,40.6,-1.1
198305,48.9,-2.1
198306,58.4,-1.0
198307,62.7,-1.1
198308,63.6,1.2
198309,54.1,-1.8
198310,45.3,1.3
198311,35.0,0.8
198312,25.0,-1.9
198401,21.2,-3.8
198402,30.8,4.7
198403,30.6,-2.7
198404,41.2,-0.5
198405,49.6,-1.4
198406,60.6,1.2
198407,62.5,-1.3
198408,63.0,0.6
198409,52.3,-3.6
198410,52.4,8.4
198411,31.6,-2.6
198412,34.0,7.1
198501,20.8,-4.2
198502,26.1,0.0
198503,34.6,1.3
198504,44.3,2.6
198505,52.3,1.3
198506,58.1,-1.3
198507,63.3,-0.5
198508,61.9,-0.5
198509,54.4,-1.5
198510,48.4,4.4
198511,44.4,10.2
198512,24.0,-2.9
198601,22.5,-2.5
198602,29.4,3.3
198603,32.6,-0.7
198604,42.9,1.2
198605,51.4,0.4
198606,60.2,0.8
198607,66.0,2.2
198608,61.6,-0.8
198609,57.5,1.6
198610,46.4,2.4
198611,37.7,3.5
198612,28.1,1.2
198701,23.9,-1.1
198702,25.1,-1.0
198703,32.7,-0.6
198704,41.0,-0.7
198705,53.1,2.1
198706,61.3,1.9
198707,65.7,1.9
198708,63.8,1.4
198709,57.8,1.9
198710,36.6,-7.4
198711,36.1,1.9
198712,30.6,3.7
198801,19.4,-5.6
198802,25.2,-0.9
198803,32.7,-0.6
198804,40.8,-0.9
198805,49.9,-1.1
198806,56.6,-2.8
198807,64.0,0.2
198808,65.1,2.7
198809,54.4,-1.5
198810,37.2,-6.8
198811,34.0,-0.2
198812,25.4,-1.5
198901,28.6,3.6
198902,27.5,1.4
198903,34.7,1.4
198904,40.3,-1.4
198905,49.0,-2.0
198906,62.7,3.3
198907,65.1,1.3
198908,63.4,1.0
198909,57.8,1.9
198910,44.1,0.1
198911,34.5,0.3
198912,17.1,-9.8
199001,31.3,6.3
199002,32.2,6.1
199003,37.7,4.4
199004,41.6,-0.1
199005,51.4,0.4
199006,58.9,-0.5
199007,64.7,0.9
199008,63.4,1.0
199009,55.2,-0.7
199010,46.3,2.3
199011,35.4,1.2
199012,32.1,5.2
199101,27.4,2.4
199102,29.2,3.1
199103,36.5,3.2
199104,44.6,2.9
199105,57.2,6.2
199106,60.4,1.0
199107,66.8,3.0
199108,63.4,1.0
199109,55.7,-0.2
199110,42.9,-1.1
199111,33.9,-0.3
199112,30.3,3.4
199201,27.3,2.3
199202,29.7,3.6
199203,33.2,-0.1
199204,42.1,0.4
199205,48.4,-2.6
199206,57.3,-2.1
199207,65.4,1.6
199208,60.7,-1.7
199209,56.9,1.0
199210,40.8,-3.2
199211,37.5,3.3
199212,29.0,2.1
199301,30.1,5.1
199302,24.3,-1.8
199303,31.8,-1.5
199304,40.4,-1.3
199305,52.1,1.1
199306,58.9,-0.5
199307,66.6,2.8
199308,63.2,0.8
199309,57.4,1.5
199310,42.6,-1.4
199311,35.2,1.0
199312,26.5,-0.4
199401,20.4,-4.6
199402,26.6,0.5
199403,33.6,0.3
199404,44.8,3.1
199405,46.6,-4.4
199406,62.4,3.0
199407,66.2,2.4
199408,61.5,-0.9
199409,53.2,-2.7
199410,41.5,-2.5
199411,37.9,3.7
199412,31.9,5.0
199501,28.7,3.7
199502,24.8,-1.3
199503,34.8,1.5
199504,41.0,-0.7
199505,51.1,0.1
199506,60.9,1.5
199507,65.3,1.5
199508,65.4,3.0
199509,55.3,-0.6
199510,45.3,1.3
199511,31.6,-2.6
199512,24.2,-2.7
199601,23.3,-1.7
199602,26.1,0.0
199603,29.4,-3.9
199604,41.9,0.2
199605,51.6,0.6
199606,60.8,1.4
199607,63.0,-0.8
199608,62.5,0.1
199609,56.5,0.6
199610,44.7,0.7
199611,30.9,-3.3
199612,30.6,3.7
199701,25.0,0.0
199702,31.7,5.6
199703,36.3,3.0
199704,38.6,-3.1
199705,45.3,-5.7
199706,57.7,-1.7
199707,64.0,0.2
199708,60.3,-2.1
199709,54.8,-1.1
199710,43.6,-0.4
199711,33.7,-0.5
199712,28.6,1.7
199801,32.0,7.0
199802,32.7,6.6
199803,35.2,1.9
199804,43.3,1.6
199805,54.9,3.9
199806,61.3,1.9
199807,64.2,0.4
199808,63.0,0.6
199809,58.5,2.6
199810,44.7,0.7
199811,34.7,0.5
199812,32.2,5.3
199901,28.3,3.3
199902,28.8,2.7
199903,30.6,-2.7
199904,43.5,1.8
199905,49.5,-1.5
199906,59.3,-0.1
199907,66.7,2.9
199908,63.0,0.6
199909,55.0,-0.9
199910,42.6,-1.4
199911,38.8,4.6
199912,28.7,1.8
200001,23.3,-1.7
200002,29.8,3.7
200003,36.6,3.3
200004,42.8,1.1
200005,53.0,2.0
200006,62.1,2.7
200007,62.6,-1.2
200008,62.6,0.2
200009,55.7,-0.2
200010,43.2,-0.8
200011,32.2,-2.0
200012,20.3,-6.6
200101,23.7,-1.3
200102,29.5,3.4
200103,31.0,-2.3
200104,43.5,1.8
200105,50.8,-0.2
200106,60.6,1.2
200107,61.0,-2.8
200108,64.6,2.2
200109,53.3,-2.6
200110,40.8,-3.2
200111,36.6,2.4
200112,32.6,5.7
200201,28.3,3.3
200202,27.8,1.7
200203,34.0,0.7
200204,44.8,3.1
200205,49.3,-1.7
200206,60.5,1.1
200207,65.7,1.9
200208,64.2,1.8
200209,58.5,2.6
200210,49.1,5.1
200211,35.2,1.0
200212,26.8,-0.1
200301,22.3,-2.7
200302,26.7,0.6
200303,35.6,2.3
200304,43.0,1.3
200305,52.4,1.4
200306,59.0,-0.4
200307,64.8,1.0
200308,66.2,3.8
200309,56.7,0.8
200310,43.4,-0.6
200311,39.7,5.5
200312,26.9,0.0
200401,22.3,-2.7
200402,25.9,-0.2
200403,35.8,2.5
200404,43.8,2.1
200405,57.6,6.6
200406,61.3,1.9
200407,65.0,1.2
200408,61.9,-0.5
200409,58.2,2.3
200410,47.8,3.8
200411,39.2,5.0
200412,27.5,0.6
200501,28.1,3.1
200502,28.9,2.8
200503,31.5,-1.8
200504,42.4,0.7
200505,47.6,-3.4
200506,61.2,1.8
200507,67.4,3.6
200508,66.3,3.9
200509,57.8,1.9
200510,48.0,4.0
200511,35.9,1.7
200512,25.5,-1.4
200601,32.0,7.0
200602,26.6,0.5
200603,33.8,0.5
200604,44.4,2.7
200605,48.3,-2.7
200606,59.6,0.2
200607,65.3,1.5
200608,65.4,3.0
200609,55.2,-0.7
200610,43.0,-1.0
200611,37.6,3.4
200612,31.0,4.1
200701,30.0,5.0
200702,21.9,-4.2
200703,35.9,2.6
200704,41.4,-0.3
200705,51.7,0.7
200706,60.4,1.0
200707,62.3,-1.5
200708,65.8,3.4
200709,56.5,0.6
200710,50.3,6.3
200711,34.6,0.4
200712,32.3,5.4
200801,25.7,0.7
200802,29.6,3.5
200803,34.4,1.1
200804,44.8,3.1
200805,49.1,-1.9
200806,61.4,2.0
200807,63.1,-0.7
200808,60.9,-1.5
200809,58.1,2.2
200810,42.5,-1.5
200811,33.8,-0.4
200812,30.3,3.4
200901,23.0,-2.0
200902,26.9,0.8
200903,34.4,1.1
200904,42.9,1.2
200905,53.6,2.6
200906,61.2,1.8
200907,61.4,-2.4
200908,65.2,2.8
200909,57.0,1.1
200910,44.6,0.6
200911,39.3,5.1
200912,26.7,-0.2
201001,23.8,-1.2
201002,23.7,-2.4
201003,36.2,2.9
201004,44.0,2.3
201005,54.7,3.7
201006,64.8,5.4
201007,65.9,2.1
201008,65.9,3.5
201009,56.8,0.9
201010,45.6,1.6
201011,34.0,-0.2
201012,22.1,-4.8
201101,23.3,-1.7
201102,29.1,3.0
201103,34.8,1.5
201104,46.3,4.6
201105,53.7,2.7
201106,61.8,2.4
201107,66.7,2.9
201108,64.0,1.6
201109,59.3,3.4
201110,44.5,0.5
201111,37.1,2.9
201112,31.9,5.0
201201,28.3,3.3
201202,30.6,4.5
201203,42.4,9.1
201204,43.1,1.4
201205,56.5,5.5
201206,57.9,-1.5
201207,67.9,4.1
201208,63.9,1.5
201209,55.9,0.0
201210,45.6,1.6
201211,31.4,-2.8
201212,33.2,6.3
201301,29.1,4.1
201302,27.2,1.1
201303,30.2,-3.1
201304,43.6,1.9
201305,51.3,0.3
201306,62.3,2.9
201307,66.7,2.9
201308,62.6,0.2
201309,55.0,-0.9
201310,47.2,3.2
201311,32.6,-1.6
201312,30.3,3.4
201401,18.3,-6.7
201402,26.6,0.5
201403,28.8,-4.5
201404,42.0,0.3
201405,52.9,1.9
201406,61.5,2.1
201407,62.9,-0.9
201408,61.7,-0.7
201409,58.9,3.0
201410,46.8,2.8
201411,31.2,-3.0
201412,32.1,5.2
201501,24.4,-0.6
201502,18.0,-8.1
201503,32.7,-0.6
201504,43.8,2.1
201505,54.9,3.9
201506,63.7,4.3
201507,65.8,2.0
201508,62.4,0.0
201509,59.1,3.2
201510,45.5,1.5
201511,40.4,6.2
201512,40.3,13.4
201601,23.2,-1.8
201602,29.1,3.0
201603,39.8,6.5
201604,42.1,0.4
201605,52.2,1.2
201606,60.7,1.3
201607,67.1,3.3
201608,67.4,5.0
201609,61.9,6.0
201610,48.5,4.5
201611,35.3,1.1
201612,29.4,2.5
201701,31.8,6.8
201702,33.4,7.3
201703,34.2,0.9
201704,49.0,7.3
201705,53.0,2.0
201706,60.0,0.6
201707,66.1,2.3
201708,62.8,0.4
201709,56.9,1.0
201710,48.3,4.3
201711,34.9,0.7
201712,27.6,0.7
201801,20.6,-4.4
201802,35.2,9.1
201803,31.5,-1.8
201804,39.9,-1.8
201805,58.6,7.6
201806,63.1,3.7
201807,64.8,1.0
201808,65.6,3.2
201809,65.1,9.2
201810,49.3,5.3
201811,34.8,0.6
201812,31.0,4.1
201901,27.3,2.3
201902,32.0,5.9
201903,32.6,-0.7
