West Virginia, Minimum Temperature
Units: Degrees Fahrenheit
Base Period: 1901-2000
Missing: -99
Date,Value,Anomaly
198001,23.8,2.6
198002,16.2,-6.2
198003,26.8,-3.2
198004,37.9,-0.5
198005,47.6,0.0
198006,52.4,-3.7
198007,61.5,1.2
198008,62.3,3.2
198009,55.7,3.3
198010,38.1,-2.7
198011,28.9,-2.4
198012,23.1,-0.8
198101,15.1,-6.1
198102,20.8,-1.6
198103,27.3,-2.7
198104,41.6,3.2
198105,44.9,-2.7
198106,58.0,1.9
198107,61.2,0.9
198108,56.6,-2.5
198109,50.8,-1.6
198110,37.8,-3.0
198111,29.4,-1.9
198112,22.3,-1.6
198201,14.7,-6.5
198202,23.2,0.8
198203,31.0,1.0
198204,33.8,-4.6
198205,49.8,2.2
198206,54.7,-1.4
198207,61.2,0.9
198208,56.6,-2.5
198209,51.8,-0.6
198210,42.8,2.0
198211,34.8,3.5
198212,30.0,6.1
198301,22.1,0.9
198302,23.1,0.7
198303,32.0,2.0
198304,37.8,-0.6
198305,44.9,-2.7
198306,54.9,-1.2
198307,60.1,-0.2
198308,61.1,2.0
198309,50.1,-2.3
198310,42.6,1.8
198311,32.2,0.9
198312,21.1,-2.8
198401,16.8,-4.4
198402,26.5,4.1
198403,26.8,-3.2
198404,38.7,0.3
198405,45.7,-1.9
198406,57.1,1.0
198407,58.4,-1.9
198408,60.3,1.2
198409,48.7,-3.7
198410,50.2,9.4
198411,28.5,-2.8
198412,31.7,7.8
198501,16.1,-5.1
198502,19.7,-2.7
198503,31.8,1.8
198504,40.8,2.4
198505,49.0,1.4
198506,54.4,-1.7
198507,60.0,-0.3
198508,58.8,-0.3
198509,50.3,-2.1
198510,45.3,4.5
198511,42.3,11.0
198512,20.1,-3.8
198601,18.2,-3.0
198602,26.9,4.5
198603,28.4,-1.6
198604,40.2,1.8
198605,48.6,1.0
198606,55.9,-0.2
198607,62.7,2.4
198608,57.5,-1.6
198609,54.8,2.4
198610,43.7,2.9
198611,35.4,4.1
198612,25.8,1.9
198701,21.7,0.5
198702,23.5,1.1
198703,29.8,-0.2
198704,38.0,-0.4
198705,50.1,2.5
198706,57.9,1.8
198707,61.9,1.6
198708,59.8,0.7
198709,53.7,1.3
198710,34.2,-6.6
198711,33.2,1.9
198712,28.2,4.3
198801,16.3,-4.9
198802,21.2,-1.2
198803,29.8,-0.2
198804,37.9,-0.5
198805,46.4,-1.2
198806,52.0,-4.1
198807,60.5,0.2
198808,61.8,2.7
198809,51.8,-0.6
198810,34.6,-6.2
198811,30.9,-0.4
198812,22.4,-1.5
198901,26.2,5.0
198902,23.5,1.1
198903,32.1,2.1
198904,36.5,-1.9
198905,45.4,-2.2
198906,58.8,2.7
198907,62.3,2.0
198908,60.0,0.9
198909,54.2,1.8
198910,40.7,-0.1
198911,30.9,-0.4
198912,12.2,-11.7
199001,28.5,7.3
199002,28.8,6.4
199003,34.4,4.4
199004,38.0,-0.4
199005,48.1,0.5
199006,55.4,-0.7
199007,60.6,0.3
199008,60.2,1.1
199009,53.5,1.1
199010,42.4,1.6
199011,32.8,1.5
199012,27.9,4.0
199101,24.0,2.8
199102,26.2,3.8
199103,33.2,3.2
199104,41.8,3.4
199105,55.1,7.5
199106,57.5,1.4
199107,63.4,3.1
199108,59.4,0.3
199109,52.8,0.4
199110,40.4,-0.4
199111,31.1,-0.2
199112,27.3,3.4
199201,22.4,1.2
199202,27.5,5.1
199203,30.7,0.7
199204,39.6,1.2
199205,45.8,-1.8
199206,53.7,-2.4
199207,62.0,1.7
199208,57.4,-1.7
199209,52.9,0.5
199210,37.3,-3.5
199211,35.6,4.3
199212,26.0,2.1
199301,28.1,6.9
199302,20.7,-1.7
199303,29.0,-1.0
199304,37.4,-1.0
199305,47.4,-0.2
199306,55.5,-0.6
199307,62.9,2.6
199308,60.4,1.3
199309,53.9,1.5
199310,39.5,-1.3
199311,32.6,1.3
199312,25.3,1.4
199401,15.5,-5.7
199402,23.3,0.9
199403,30.0,0.0
199404,40.5,2.1
199405,42.8,-4.8
199406,58.4,2.3
199407,62.3,2.0
199408,58.6,-0.5
199409,50.6,-1.8
199410,38.3,-2.5
199411,35.1,3.8
199412,28.8,4.9
199501,24.6,3.4
199502,20.0,-2.4
199503,32.0,2.0
199504,37.5,-0.9
199505,47.5,-0.1
199506,57.8,1.7
199507,61.6,1.3
199508,63.7,4.6
199509,50.7,-1.7
199510,41.8,1.0
199511,29.0,-2.3
199512,21.2,-2.7
199601,20.4,-0.8
199602,22.5,0.1
199603,25.3,-4.7
199604,37.9,-0.5
199605,49.1,1.5
199606,57.7,1.6
199607,58.4,-1.9
199608,59.6,0.5
199609,53.6,1.2
199610,42.0,1.2
199611,28.4,-2.9
199612,27.9,4.0
199701,21.0,-0.2
199702,28.9,6.5
199703,33.5,3.5
199704,34.4,-4.0
199705,41.5,-6.1
199706,55.4,-0.7
199707,60.2,-0.1
199708,57.5,-1.6
199709,50.8,-1.6
199710,40.1,-0.7
199711,31.7,0.4
199712,27.1,3.2
199801,30.0,8.8
199802,31.6,9.2
199803,33.0,3.0
199804,39.4,1.0
199805,52.2,4.6
199806,58.0,1.9
199807,60.6,0.3
199808,59.7,0.6
199809,54.3,1.9
199810,42.0,1.2
199811,32.2,0.9
199812,28.2,4.3
199901,24.7,3.5
199902,26.0,3.6
199903,25.6,-4.4
199904,41.1,2.7
199905,45.9,-1.7
199906,56.6,0.5
199907,63.0,2.7
199908,57.9,-1.2
199909,49.8,-2.6
199910,39.3,-1.5
199911,35.1,3.8
199912,25.2,1.3
200001,19.0,-2.2
200002,28.6,6.2
200003,33.3,3.3
200004,39.0,0.6
200005,49.6,2.0
200006,58.7,2.6
200007,58.6,-1.7
200008,59.8,0.7
200009,52.6,0.2
200010,41.8,1.0
200011,30.3,-1.0
200012,16.6,-7.3
200101,20.3,-0.9
200102,27.7,5.3
200103,27.8,-2.2
200104,41.1,2.7
200105,48.5,0.9
200106,55.9,-0.2
200107,58.4,-1.9
200108,62.2,3.1
200109,50.5,-1.9
200110,38.5,-2.3
200111,33.2,1.9
200112,30.1,6.2
200201,25.4,4.2
200202,24.7,2.3
200203,30.9,0.9
200204,41.7,3.3
200205,44.6,-3.0
200206,58.1,2.0
200207,63.2,2.9
200208,60.9,1.8
200209,54.5,2.1
200210,46.0,5.2
200211,32.9,1.6
200212,24.6,0.7
200301,17.7,-3.5
200302,23.6,1.2
200303,32.9,2.9
200304,41.0,2.6
200305,50.1,2.5
200306,54.4,-1.7
200307,60.8,0.5
200308,62.7,3.6
200309,53.7,1.3
200310,40.1,-0.7
200311,36.4,5.1
200312,24.5,0.6
200401,18.5,-2.7
200402,22.6,0.2
200403,33.5,3.5
200404,40.6,2.2
200405,53.6,6.0
200406,57.1,1.0
200407,61.1,0.8
200408,58.2,-0.9
200409,54.8,2.4
200410,44.7,3.9
200411,37.6,6.3
200412,24.8,0.9
200501,25.8,4.6
200502,26.5,4.1
200503,28.3,-1.7
200504,39.8,1.4
200505,43.1,-4.5
200506,58.5,2.4
200507,63.9,3.6
200508,63.5,4.4
200509,54.4,2.0
200510,45.0,4.2
200511,32.4,1.1
200512,21.9,-2.0
200601,29.3,8.1
200602,23.8,1.4
200603,30.6,0.6
200604,41.8,3.4
200605,44.9,-2.7
200606,55.1,-1.0
200607,61.6,1.3
200608,61.7,2.6
200609,52.5,0.1
200610,40.4,-0.4
200611,34.9,3.6
200612,27.9,4.0
200701,27.0,5.8
200702,14.6,-7.8
200703,34.0,4.0
200704,38.4,0.0
200705,48.7,1.1
200706,56.5,0.4
200707,58.0,-2.3
200708,63.3,4.2
200709,53.5,1.1
200710,47.1,6.3
200711,32.3,1.0
200712,28.7,4.8
200801,21.2,0.0
200802,25.2,2.8
200803,30.8,0.8
200804,42.1,3.7
200805,44.6,-3.0
200806,57.6,1.5
200807,58.9,-1.4
200808,57.3,-1.8
200809,54.6,2.2
200810,39.2,-1.6
200811,29.6,-1.7
200812,25.2,1.3
200901,18.4,-2.8
200902,22.9,0.5
200903,32.9,2.9
200904,39.4,1.0
200905,49.7,2.1
200906,57.4,1.3
200907,57.4,-2.9
200908,61.3,2.2
200909,54.2,1.8
200910,41.1,0.3
200911,35.8,4.5
200912,24.1,0.2
201001,21.1,-0.1
201002,20.6,-1.8
201003,32.8,2.8
201004,40.1,1.7
201005,51.0,3.4
201006,60.9,4.8
201007,62.1,1.8
201008,62.6,3.5
201009,51.8,-0.6
201010,41.6,0.8
201011,31.2,-0.1
201012,19.5,-4.4
201101,19.2,-2.0
201102,26.1,3.7
201103,32.3,2.3
201104,43.0,4.6
201105,50.7,3.1
201106,57.8,1.7
201107,63.6,3.3
201108,60.4,1.3
201109,55.6,3.2
201110,42.1,1.3
201111,34.9,3.6
201112,28.9,5.0
201201,25.1,3.9
201202,27.8,5.4
201203,39.5,9.5
201204,38.9,0.5
201205,53.8,6.2
201206,54.4,-1.7
201207,64.2,3.9
201208,59.0,-0.1
201209,52.1,-0.3
201210,41.8,1.0
201211,28.0,-3.3
201212,30.6,6.7
201301,25.1,3.9
201302,23.2,0.8
201303,28.3,-1.7
201304,39.6,1.2
201305,48.1,0.5
201306,58.6,2.5
201307,62.4,2.1
201308,59.4,0.3
201309,52.7,0.3
201310,44.5,3.7
201311,29.4,-1.9
201312,27.2,3.3
201401,12.2,-9.0
201402,21.3,-1.1
201403,25.0,-5.0
201404,39.2,0.8
201405,48.6,1.0
201406,58.8,2.7
201407,58.7,-1.6
201408,58.8,-0.3
201409,53.9,1.5
201410,43.9,3.1
201411,27.8,-3.5
201412,30.4,6.5
201501,20.3,-0.9
201502,12.2,-10.2
201503,28.6,-1.4
201504,40.5,2.1
201505,51.1,3.5
201506,60.2,4.1
201507,62.2,1.9
201508,58.5,-0.6
201509,56.1,3.7
201510,42.8,2.0
201511,37.0,5.7
201512,36.7,12.8
201601,17.4,-3.8
201602,25.8,3.4
201603,36.4,6.4
201604,39.1,0.7
201605,48.7,1.1
201606,57.5,1.4
201607,63.3,3.0
201608,64.8,5.7
201609,56.4,4.0
201610,45.5,4.7
201611,33.5,2.2
201612,27.2,3.3
201701,30.2,9.0
201702,30.9,8.5
201703,31.3,1.3
201704,45.1,6.7
201705,49.9,2.3
201706,55.7,-0.4
201707,61.7,1.4
201708,58.3,-0.8
201709,53.6,1.2
201710,45.0,4.2
201711,32.7,1.4
201712,23.8,-0.1
201801,16.7,-4.5
201802,31.6,9.2
201803,28.9,-1.1
201804,35.7,-2.7
201805,55.6,8.0
201806,59.5,3.4
201807,61.1,0.8
201808,62.8,3.7
201809,61.9,9.5
201810,45.5,4.7
201811,31.7,0.4
201812,28.6,4.7
201901,24.2,3.0
201902,28.6,6.2
201903,28.7,-1.3
