Delaware, Minimum Temperature
Units: Degrees Fahrenheit
Base Period: 1901-2000
Missing: -99
Date,Value,Anomaly
198001,25.7,1.1
198002,21.4,-3.7
198003,31.4,-1.3
198004,43.8,2.8
198005,53.1,2.1
198006,57.6,-2.5
198007,66.3,0.9
198008,66.5,2.7
198009,59.7,2.7
198010,44.4,-1.1
198011,34.1,-1.8
198012,25.2,-2.2
198101,18.8,-5.8
198102,28.4,3.3
198103,30.9,-1.8
198104,44.5,3.5
198105,50.1,-0.9
198106,62.5,2.4
198107,65.8,0.4
198108,61.5,-2.3
198109,55.8,-1.2
198110,42.2,-3.3
198111,36.0,0.1
198112,27.1,-0.3
198201,17.5,-7.1
198202,27.4,2.3
198203,32.3,-0.4
198204,38.2,-2.8
198205,52.3,1.3
198206,59.3,-0.8
198207,65.6,0.2
198208,60.6,-3.2
198209,55.3,-1.7
198210,45.2,-0.3
198211,38.5,2.6
198212,34.5,7.1
198301,26.8,2.2
198302,26.1,1.0
198303,36.7,4.0
198304,41.0,0.0
198305,50.4,-0.6
198306,60.2,0.1
198307,65.0,-0.4
198308,64.8,1.0
198309,56.9,-0.1
198310,48.0,2.5
198311,37.3,1.4
198312,26.4,-1.0
198401,20.3,-4.3
198402,31.7,6.6
198403,29.2,-3.5
198404,41.0,0.0
198405,51.3,0.3
198406,61.6,1.5
198407,64.8,-0.6
198408,65.1,1.3
198409,53.6,-3.4
198410,52.6,7.1
198411,34.2,-1.7
198412,34.2,6.8
198501,20.1,-4.5
198502,27.1,2.0
198503,35.1,2.4
198504,43.2,2.2
198505,53.6,2.6
198506,59.5,-0.6
198507,65.2,-0.2
198508,64.1,0.3
198509,57.1,0.1
198510,49.4,3.9
198511,44.8,8.9
198512,24.8,-2.6
198601,23.8,-0.8
198602,26.2,1.1
198603,33.1,0.4
198604,41.4,0.4
198605,53.1,2.1
198606,60.6,0.5
198607,67.2,1.8
198608,62.7,-1.1
198609,57.1,0.1
198610,48.1,2.6
198611,36.0,0.1
198612,30.1,2.7
198701,24.2,-0.4
198702,22.9,-2.2
198703,33.8,1.1
198704,41.6,0.6
198705,52.2,1.2
198706,62.8,2.7
198707,67.8,2.4
198708,64.2,0.4
198709,59.2,2.2
198710,40.0,-5.5
198711,37.9,2.0
198712,30.9,3.5
198801,19.8,-4.8
198802,26.7,1.6
198803,33.3,0.6
198804,40.6,-0.4
198805,51.4,0.4
198806,59.2,-0.9
198807,67.5,2.1
198808,67.9,4.1
198809,55.2,-1.8
198810,39.9,-5.6
198811,36.6,0.7
198812,26.7,-0.7
198901,28.8,4.2
198902,27.1,2.0
198903,33.4,0.7
198904,40.7,-0.3
198905,51.5,0.5
198906,65.1,5.0
198907,65.9,0.5
198908,65.9,2.1
198909,59.2,2.2
198910,46.6,1.1
198911,36.2,0.3
198912,17.2,-10.2
199001,32.1,7.5
199002,31.5,6.4
199003,36.3,3.6
199004,42.7,1.7
199005,51.7,0.7
199006,60.6,0.5
199007,67.3,1.9
199008,65.2,1.4
199009,55.7,-1.3
199010,49.9,4.4
199011,37.4,1.5
199012,33.0,5.6
199101,26.8,2.2
199102,30.0,4.9
199103,36.8,4.1
199104,44.2,3.2
199105,56.6,5.6
199106,61.5,1.4
199107,67.6,2.2
199108,66.0,2.2
199109,55.8,-1.2
199110,46.0,0.5
199111,37.2,1.3
199112,31.0,3.6
199201,26.8,2.2
199202,28.3,3.2
199203,32.7,0.0
199204,40.6,-0.4
199205,48.3,-2.7
199206,57.8,-2.3
199207,66.4,1.0
199208,61.8,-2.0
199209,58.3,1.3
199210,42.4,-3.1
199211,38.4,2.5
199212,30.7,3.3
199301,30.4,5.8
199302,22.6,-2.5
199303,31.3,-1.4
199304,41.3,0.3
199305,52.7,1.7
199306,60.8,0.7
199307,68.5,3.1
199308,65.2,1.4
199309,58.5,1.5
199310,44.8,-0.7
199311,35.6,-0.3
199312,27.9,0.5
199401,19.6,-5.0
199402,24.4,-0.7
199403,33.1,0.4
199404,45.8,4.8
199405,47.7,-3.3
199406,63.7,3.6
199407,68.8,3.4
199408,62.2,-1.6
199409,55.2,-1.8
199410,42.8,-2.7
199411,40.6,4.7
199412,32.5,5.1
199501,30.8,6.2
199502,23.4,-1.7
199503,34.8,2.1
199504,41.1,0.1
199505,51.4,0.4
199506,61.6,1.5
199507,68.1,2.7
199508,65.5,1.7
199509,57.5,0.5
199510,48.2,2.7
199511,33.0,-2.9
199512,25.1,-2.3
199601,24.0,-0.6
199602,25.9,0.8
199603,29.8,-2.9
199604,42.9,1.9
199605,50.9,-0.1
199606,62.4,2.3
199607,65.2,-0.2
199608,63.1,-0.7
199609,58.4,1.4
199610,46.0,0.5
199611,32.2,-3.7
199612,33.3,5.9
199701,25.4,0.8
199702,31.6,6.5
199703,35.3,2.6
199704,40.4,-0.6
199705,48.3,-2.7
199706,58.3,-1.8
199707,65.2,-0.2
199708,62.7,-1.1
199709,56.6,-0.4
199710,45.9,0.4
199711,36.9,1.0
199712,30.2,2.8
199801,33.1,8.5
199802,33.3,8.2
199803,36.5,3.8
199804,44.1,3.1
199805,54.6,3.6
199806,61.6,1.5
199807,65.4,0.0
199808,64.6,0.8
199809,60.1,3.1
199810,46.7,1.2
199811,35.6,-0.3
199812,32.4,5.0
199901,27.7,3.1
199902,28.6,3.5
199903,31.8,-0.9
199904,41.4,0.4
199905,51.6,0.6
199906,60.9,0.8
199907,68.4,3.0
199908,65.9,2.1
199909,59.8,2.8
199910,44.4,-1.1
199911,41.1,5.2
199912,31.4,4.0
200001,23.8,-0.8
200002,28.9,3.8
200003,37.6,4.9
200004,42.6,1.6
200005,54.0,3.0
200006,63.0,2.9
200007,63.7,-1.7
200008,64.2,0.4
200009,56.3,-0.7
200010,45.6,0.1
200011,34.4,-1.5
200012,22.3,-5.1
200101,24.7,0.1
200102,28.9,3.8
200103,31.7,-1.0
200104,42.3,1.3
200105,52.3,1.3
200106,63.6,3.5
200107,62.5,-2.9
200108,66.9,3.1
200109,55.6,-1.4
200110,45.2,-0.3
200111,39.1,3.2
200112,34.9,7.5
200201,31.4,6.8
200202,29.6,4.5
200203,35.9,3.2
200204,45.8,4.8
200205,51.0,0.0
200206,62.0,1.9
200207,66.7,1.3
200208,67.1,3.3
200209,59.6,2.6
200210,49.4,3.9
200211,36.8,0.9
200212,27.3,-0.1
200301,21.9,-2.7
200302,24.1,-1.0
200303,34.2,1.5
200304,41.8,0.8
200305,50.1,-0.9
200306,60.7,0.6
200307,67.0,1.6
200308,67.4,3.6
200309,60.1,3.1
200310,44.8,-0.7
200311,41.2,5.3
200312,28.9,1.5
200401,20.8,-3.8
200402,26.8,1.7
200403,36.6,3.9
200404,44.4,3.4
200405,59.2,8.2
200406,61.4,1.3
200407,67.0,1.6
200408,65.0,1.2
200409,59.9,2.9
200410,46.8,1.3
200411,39.0,3.1
200412,29.4,2.0
200501,25.8,1.2
200502,27.6,2.5
200503,31.4,-1.3
200504,42.6,1.6
200505,47.4,-3.6
200506,63.1,3.0
200507,68.6,3.2
200508,68.4,4.6
200509,60.2,3.2
200510,49.9,4.4
200511,39.1,3.2
200512,27.1,-0.3
200601,32.6,8.0
200602,27.5,2.4
200603,33.7,1.0
200604,44.3,3.3
200605,51.3,0.3
200606,62.7,2.6
200607,68.7,3.3
200608,66.9,3.1
200609,57.0,0.0
200610,45.9,0.4
200611,42.1,6.2
200612,33.5,6.1
200701,31.1,6.5
200702,21.5,-3.6
200703,33.6,0.9
200704,40.8,-0.2
200705,52.1,1.1
200706,62.5,2.4
200707,65.6,0.2
200708,66.4,2.6
200709,58.6,1.6
200710,53.7,8.2
200711,36.7,0.8
200712,31.1,3.7
200801,27.8,3.2
200802,28.4,3.3
200803,34.9,2.2
200804,44.9,3.9
200805,49.7,-1.3
200806,64.1,4.0
200807,66.9,1.5
200808,62.1,-1.7
200809,59.7,2.7
200810,45.1,-0.4
200811,37.3,1.4
200812,30.9,3.5
200901,22.5,-2.1
200902,28.2,3.1
200903,33.1,0.4
200904,44.0,3.0
200905,53.9,2.9
200906,62.0,1.9
200907,64.4,-1.0
200908,67.9,4.1
200909,58.2,1.2
200910,46.6,1.1
200911,42.3,6.4
200912,29.0,1.6
201001,25.5,0.9
201002,24.4,-0.7
201003,38.3,5.6
201004,45.2,4.2
201005,55.2,4.2
201006,66.6,6.5
201007,69.5,4.1
201008,67.1,3.3
201009,60.3,3.3
201010,48.5,3.0
201011,37.4,1.5
201012,24.2,-3.2
201101,22.8,-1.8
201102,27.8,2.7
201103,34.2,1.5
201104,46.6,5.6
201105,55.8,4.8
201106,63.3,3.2
201107,69.6,4.2
201108,65.4,1.6
201109,62.6,5.6
201110,47.2,1.7
201111,40.3,4.4
201112,33.1,5.7
201201,29.2,4.6
201202,31.3,6.2
201203,41.8,9.1
201204,43.3,2.3
201205,57.7,6.7
201206,61.5,1.4
201207,70.7,5.3
201208,67.7,3.9
201209,57.8,0.8
201210,49.9,4.4
201211,34.0,-1.9
201212,35.8,8.4
201301,28.8,4.2
201302,27.9,2.8
201303,31.9,-0.8
201304,43.5,2.5
201305,53.8,2.8
201306,64.0,3.9
201307,70.6,5.2
201308,64.4,0.6
201309,55.7,-1.3
201310,49.8,4.3
201311,35.1,-0.8
201312,31.4,4.0
201401,19.7,-4.9
201402,25.0,-0.1
201403,29.2,-3.5
201404,41.9,0.9
201405,54.2,3.2
201406,62.3,2.2
201407,65.8,0.4
201408,62.5,-1.3
201409,59.5,2.5
201410,49.7,4.2
201411,34.9,-1.0
201412,33.6,6.2
201501,24.0,-0.6
201502,16.5,-8.6
201503,29.6,-3.1
201504,43.1,2.1
201505,56.8,5.8
201506,64.7,4.6
201507,67.8,2.4
201508,64.5,0.7
201509,62.2,5.2
201510,46.1,0.6
201511,41.3,5.4
201512,42.2,14.8
201601,25.0,0.4
201602,29.6,4.5
201603,39.2,6.5
201604,41.7,0.7
201605,52.6,1.6
201606,62.2,2.1
201607,70.1,4.7
201608,68.5,4.7
201609,63.2,6.2
201610,50.1,4.6
201611,38.0,2.1
201612,30.3,2.9
201701,32.0,7.4
201702,33.7,8.6
201703,33.7,1.0
201704,49.2,8.2
201705,53.6,2.6
201706,63.2,3.1
201707,69.3,3.9
201708,65.0,1.2
201709,60.7,3.7
201710,52.4,6.9
201711,37.3,1.4
201712,27.5,0.1
201801,23.2,-1.4
201802,33.7,8.6
201803,32.0,-0.7
201804,40.7,-0.3
201805,58.0,7.0
201806,63.2,3.1
201807,67.6,2.2
201808,69.3,5.5
201809,66.3,9.3
201810,51.0,5.5
201811,36.6,0.7
201812,32.3,4.9
201901,25.7,1.1
201902,28.7,3.6
201903,32.6,-0.1
